lambda suscetibilidade
1.400000000000000133e-01 1.994908988683436801e+00
1.402805611222444904e-01 2.288405653487291858e+00
1.405611222444889952e-01 2.226715054275844707e+00
1.408416833667334722e-01 2.001555203216149881e+00
1.411222444889779770e-01 2.441464348499306158e+00
1.414028056112224541e-01 2.329760945717513909e+00
1.416833667334669589e-01 2.208722922115621934e+00
1.419639278557114359e-01 2.160414506122647627e+00
1.422444889779559130e-01 2.737280373009983503e+00
1.425250501002004178e-01 2.360420164585949276e+00
1.428056112224448948e-01 2.351928972572211229e+00
1.430861723446893996e-01 2.439596162671694657e+00
1.433667334669338767e-01 2.519191160105739957e+00
1.436472945891783815e-01 2.635547904815531250e+00
1.439278557114228585e-01 4.405747309364989484e+00
1.442084168336673355e-01 2.634209932108783292e+00
1.444889779559118403e-01 2.335689818067654411e+00
1.447695390781563174e-01 2.069400342537176307e+00
1.450501002004008222e-01 2.671834796492586150e+00
1.453306613226452992e-01 3.236037711822833618e+00
1.456112224448898040e-01 2.935987630327072662e+00
1.458917835671342811e-01 2.656837113481558710e+00
1.461723446893787859e-01 3.719379414765485059e+00
1.464529058116232629e-01 2.424882304203332062e+00
1.467334669338677400e-01 2.599186455300769527e+00
1.470140280561122448e-01 2.986576637977337967e+00
1.472945891783567218e-01 3.126396888193357260e+00
1.475751503006012266e-01 2.866441805307649027e+00
1.478557114228457037e-01 2.536032320696670173e+00
1.481362725450902085e-01 3.454975113549322518e+00
1.484168336673346855e-01 3.584274541603659436e+00
1.486973947895791626e-01 2.623589793727991282e+00
1.489779559118236674e-01 2.846321764204833737e+00
1.492585170340681444e-01 3.921530094289504831e+00
1.495390781563126492e-01 2.992715483436507284e+00
1.498196392785571263e-01 2.315486893379590683e+00
1.501002004008016311e-01 3.129978062564646724e+00
1.503807615230461081e-01 3.630785443752600816e+00
1.506613226452905852e-01 2.763011312225243099e+00
1.509418837675350900e-01 2.770156997952584632e+00
1.512224448897795670e-01 2.329623813178114400e+00
1.515030060120240718e-01 1.971739684622762168e+00
1.517835671342685488e-01 1.909946606674290059e+00
1.520641282565130536e-01 1.905563608630499228e+00
1.523446893787575307e-01 2.185625471414457621e+00
1.526252505010020077e-01 3.034465920619116908e+00
1.529058116232465125e-01 2.862754675158084350e+00
1.531863727454909896e-01 2.493656208224273918e+00
1.534669338677354944e-01 3.047583180752363230e+00
1.537474949899799714e-01 2.463199057606471509e+00
1.540280561122244762e-01 3.156949002802552418e+00
1.543086172344689533e-01 2.585019137563155045e+00
1.545891783567134303e-01 2.623563644826659491e+00
1.548697394789579351e-01 3.336643516513309482e+00
1.551503006012024122e-01 2.455716119287000954e+00
1.554308617234469170e-01 2.811883435933657971e+00
1.557114228456913940e-01 3.540821243508922134e+00
1.559919839679358988e-01 2.828534544188440858e+00
1.562725450901803759e-01 4.802240167116638148e+00
1.565531062124248529e-01 2.306568640235115986e+00
1.568336673346693577e-01 3.026648045693714817e+00
1.571142284569138348e-01 2.716999213802638646e+00
1.573947895791583396e-01 2.906014700049122101e+00
1.576753507014028166e-01 3.855773466666965632e+00
1.579559118236473214e-01 2.177476681550971627e+00
1.582364729458917985e-01 3.265492552134861004e+00
1.585170340681362755e-01 2.956445313761531857e+00
1.587975951903807803e-01 3.755351357280143354e+00
1.590781563126252574e-01 3.330504438199514805e+00
1.593587174348697622e-01 2.820741395271092689e+00
1.596392785571142392e-01 3.485408380209519486e+00
1.599198396793587440e-01 3.028394166152798661e+00
1.602004008016032210e-01 3.286668554450900004e+00
1.604809619238476981e-01 3.676474955829904356e+00
1.607615230460922029e-01 3.228853593190923021e+00
1.610420841683366799e-01 2.553662325268659661e+00
1.613226452905811847e-01 3.969856689167114538e+00
1.616032064128256618e-01 2.270609710405083081e+00
1.618837675350701666e-01 2.864592134720875372e+00
1.621643286573146436e-01 2.916221762207642065e+00
1.624448897795591207e-01 4.660980226397356319e+00
1.627254509018036255e-01 2.694120684612466121e+00
1.630060120240481025e-01 2.336589409361637504e+00
1.632865731462926073e-01 2.478727857257045031e+00
1.635671342685370844e-01 3.807131722095588700e+00
1.638476953907815892e-01 3.327856207689484869e+00
1.641282565130260662e-01 3.348256601154647516e+00
1.644088176352705433e-01 3.667542432782066264e+00
1.646893787575150481e-01 3.093577384013265874e+00
1.649699398797595251e-01 2.686623049274008856e+00
1.652505010020040299e-01 3.180288597521373273e+00
1.655310621242485070e-01 3.548593078038815740e+00
1.658116232464930118e-01 3.217940769800980760e+00
1.660921843687374888e-01 4.353938975942266865e+00
1.663727454909819936e-01 3.043310092881329254e+00
1.666533066132264707e-01 3.346756341269470081e+00
1.669338677354709755e-01 8.024834105337692591e+00
1.672144288577154525e-01 3.315039527432989352e+00
1.674949899799599295e-01 3.830781029169427310e+00
1.677755511022044344e-01 4.251836220452017479e+00
1.680561122244489114e-01 3.510085735174620858e+00
1.683366733466934162e-01 3.215634177710514408e+00
1.686172344689378932e-01 3.988909053851009467e+00
1.688977955911823980e-01 7.024108849577167746e+00
1.691783567134268751e-01 3.352092655953616607e+00
1.694589178356713521e-01 3.428844067603833423e+00
1.697394789579158569e-01 2.652774076697258732e+00
1.700200400801603340e-01 3.790149854665708418e+00
1.703006012024048388e-01 3.659438389931914504e+00
1.705811623246493158e-01 3.893822965558518590e+00
1.708617234468938206e-01 4.557188264885898121e+00
1.711422845691382977e-01 3.344005953270283271e+00
1.714228456913827747e-01 3.219800882521130614e+00
1.717034068136272795e-01 4.966951367640850101e+00
1.719839679358717566e-01 4.124953640972276681e+00
1.722645290581162614e-01 2.942931342710233267e+00
1.725450901803607384e-01 3.136520711817590623e+00
1.728256513026052432e-01 3.226443636831410888e+00
1.731062124248497203e-01 3.759002855434189438e+00
1.733867735470941973e-01 4.172692946999116970e+00
1.736673346693387021e-01 6.265176941013747225e+00
1.739478957915831792e-01 3.985863942211212763e+00
1.742284569138276840e-01 2.832910558909283782e+00
1.745090180360721610e-01 2.560681039594398190e+00
1.747895791583166658e-01 3.905512269801522773e+00
1.750701402805611429e-01 4.202036737442718994e+00
1.753507014028056199e-01 4.179466748877065818e+00
1.756312625250501247e-01 3.725339667486236905e+00
1.759118236472946017e-01 3.734974758186358823e+00
1.761923847695391065e-01 3.191220268326461884e+00
1.764729458917835836e-01 3.896013835093206090e+00
1.767535070140280884e-01 4.674866770552754680e+00
1.770340681362725654e-01 5.926235801898810607e+00
1.773146292585170425e-01 4.530320197598342702e+00
1.775951903807615473e-01 5.390162112899234081e+00
1.778757515030060243e-01 4.888415929474061450e+00
1.781563126252505291e-01 3.565083185751146910e+00
1.784368737474950062e-01 4.030075086273130047e+00
1.787174348697395110e-01 5.791858031328638745e+00
1.789979959919839880e-01 4.786155262076655426e+00
1.792785571142284651e-01 5.205652225332963567e+00
1.795591182364729699e-01 9.954404811093366945e+00
1.798396793587174469e-01 6.394580076575011596e+00
1.801202404809619517e-01 4.775111774469066539e+00
1.804008016032064288e-01 6.133106103468751513e+00
1.806813627254509336e-01 6.340222928280244474e+00
1.809619238476954106e-01 4.000344842494796715e+00
1.812424849699398877e-01 4.621757122789527550e+00
1.815230460921843925e-01 5.028217305135102677e+00
1.818036072144288695e-01 5.074460650019957164e+00
1.820841683366733743e-01 5.096301507386849394e+00
1.823647294589178514e-01 5.668001573154621830e+00
1.826452905811623562e-01 4.212025723993218840e+00
1.829258517034068332e-01 5.350933603715570364e+00
1.832064128256513102e-01 5.678040689756351789e+00
1.834869739478958151e-01 7.874780976607000937e+00
1.837675350701402921e-01 5.882123266823942487e+00
1.840480961923847969e-01 7.762229151247587389e+00
1.843286573146292739e-01 6.313374516486263133e+00
1.846092184368737787e-01 1.013815553517929757e+01
1.848897795591182558e-01 7.471943405206983968e+00
1.851703406813627328e-01 4.026973629609261529e+00
1.854509018036072376e-01 4.370897890668545394e+00
1.857314629258517147e-01 4.562266052798950255e+00
1.860120240480962195e-01 5.642623523670312835e+00
1.862925851703406965e-01 5.697541767925817346e+00
1.865731462925852013e-01 5.810782384153015734e+00
1.868537074148296784e-01 8.679217122717002297e+00
1.871342685370741554e-01 5.688868218437696633e+00
1.874148296593186602e-01 7.063754590048268334e+00
1.876953907815631650e-01 4.893544410779218090e+00
1.879759519038076421e-01 7.922623351223659682e+00
1.882565130260521191e-01 5.393677862240234155e+00
1.885370741482966239e-01 7.058910192862856370e+00
1.888176352705411010e-01 6.596154922164165768e+00
1.890981963927855780e-01 8.946223478811674568e+00
1.893787575150300828e-01 9.156956822338784718e+00
1.896593186372745876e-01 6.213068414574457243e+00
1.899398797595190647e-01 8.847297234807106392e+00
1.902204408817635417e-01 6.148577780987363184e+00
1.905010020040080465e-01 5.594438966803593871e+00
1.907815631262525236e-01 5.950598796482871045e+00
1.910621242484970006e-01 4.614486116546443029e+00
1.913426853707415054e-01 8.324758546720159913e+00
1.916232464929860102e-01 8.829527927746973148e+00
1.919038076152304872e-01 8.567228788732016653e+00
1.921843687374749643e-01 5.423656836983618668e+00
1.924649298597194691e-01 7.113181578845175324e+00
1.927454909819639461e-01 8.020450371405095424e+00
1.930260521042084232e-01 8.526020967643793469e+00
1.933066132264529280e-01 9.162009013664835777e+00
1.935871743486974328e-01 8.598847297257718125e+00
1.938677354709419098e-01 9.056720757771753227e+00
1.941482965931863869e-01 6.715714082282778108e+00
1.944288577154308917e-01 1.022679851644884330e+01
1.947094188376753687e-01 1.028864028806446385e+01
1.949899799599198458e-01 7.240197751717653674e+00
1.952705410821643506e-01 8.335135316801972394e+00
1.955511022044088554e-01 1.138868491538877237e+01
1.958316633266533324e-01 9.397109605929438558e+00
1.961122244488978095e-01 6.109530584366114070e+00
1.963927855711423143e-01 8.520087773784954521e+00
1.966733466933867913e-01 6.874627373955073395e+00
1.969539078156312684e-01 7.839227366160659294e+00
1.972344689378757732e-01 8.563832703981585581e+00
1.975150300601202780e-01 1.010900573306379258e+01
1.977955911823647550e-01 6.518955990279192925e+00
1.980761523046092321e-01 1.183224664104500690e+01
1.983567134268537369e-01 7.747884466327332298e+00
1.986372745490982139e-01 1.349351921929555154e+01
1.989178356713427187e-01 1.031477968017216185e+01
1.991983967935871958e-01 1.383443774167129803e+01
1.994789579158317006e-01 7.114353272971702502e+00
1.997595190380761776e-01 1.008607914910198211e+01
2.000400801603206546e-01 7.866890148525321536e+00
2.003206412825651594e-01 6.786146459755869387e+00
2.006012024048096365e-01 1.006817259462556891e+01
2.008817635270541413e-01 1.044462952969622904e+01
2.011623246492986183e-01 9.917683674100986835e+00
2.014428857715431231e-01 7.379210582730566514e+00
2.017234468937876002e-01 9.784245156227827422e+00
2.020040080160320772e-01 8.932519586610800033e+00
2.022845691382765820e-01 1.053974521577603873e+01
2.025651302605210868e-01 1.171187296216399432e+01
2.028456913827655361e-01 1.197829093002605205e+01
2.031262525050100409e-01 1.277152852496022462e+01
2.034068136272545457e-01 6.765355117811075125e+00
2.036873747494990228e-01 1.105744846636148360e+01
2.039679358717434998e-01 1.645930384152718062e+01
2.042484969939880046e-01 1.087262504282605846e+01
2.045290581162325094e-01 8.417786051767988553e+00
2.048096192384769587e-01 1.436036480415306826e+01
2.050901803607214635e-01 1.258052282535947697e+01
2.053707414829659683e-01 1.216969046289001000e+01
2.056513026052104454e-01 1.387802867361760661e+01
2.059318637274549224e-01 1.141102357089135211e+01
2.062124248496994272e-01 1.575656505016819864e+01
2.064929859719439320e-01 1.283747153934504937e+01
2.067735470941883813e-01 1.269465905521309779e+01
2.070541082164328861e-01 1.263210950635342833e+01
2.073346693386773909e-01 9.423144434696558491e+00
2.076152304609218679e-01 9.489809168284923047e+00
2.078957915831663450e-01 1.070558911877805031e+01
2.081763527054108498e-01 9.185487365941712667e+00
2.084569138276553546e-01 9.453070359529659683e+00
2.087374749498998316e-01 1.288290840497080225e+01
2.090180360721443087e-01 1.576776938827288888e+01
2.092985971943888135e-01 1.952542459263080943e+01
2.095791583166332905e-01 1.178186844441505876e+01
2.098597194388777676e-01 1.101476622413546380e+01
2.101402805611222724e-01 9.669777366272754193e+00
2.104208416833667772e-01 1.824529671421680987e+01
2.107014028056112542e-01 9.769535713477161210e+00
2.109819639278557313e-01 1.187519681150559059e+01
2.112625250501002361e-01 1.399601474085311814e+01
2.115430861723447131e-01 1.341154923627404827e+01
2.118236472945891902e-01 9.333568557982768965e+00
2.121042084168336950e-01 1.334497742569025469e+01
2.123847695390781998e-01 1.080630286827853226e+01
2.126653306613226768e-01 1.287256240639141680e+01
2.129458917835671539e-01 1.479706768843753117e+01
2.132264529058116587e-01 1.284790901556193710e+01
2.135070140280561357e-01 1.398080348130387129e+01
2.137875751503006128e-01 1.421325168443265774e+01
2.140681362725451176e-01 1.086160196162738423e+01
2.143486973947896224e-01 9.131985479500176695e+00
2.146292585170340994e-01 1.060312468554458754e+01
2.149098196392785765e-01 9.632904401682562678e+00
2.151903807615230813e-01 1.121458308080765320e+01
2.154709418837675583e-01 1.061002092335451685e+01
2.157515030060120353e-01 1.234069455773892976e+01
2.160320641282565401e-01 1.450437076583385121e+01
2.163126252505010449e-01 6.652307350169039957e+00
2.165931863727455220e-01 9.449883326926480365e+00
2.168737474949899990e-01 1.145509494287557750e+01
2.171543086172345038e-01 9.459446369738703453e+00
2.174348697394789809e-01 9.969236914571883545e+00
2.177154308617234579e-01 9.971218762195373841e+00
2.179959919839679627e-01 7.401105698069764927e+00
2.182765531062124675e-01 9.437834267889748219e+00
2.185571142284569446e-01 8.355685243399312512e+00
2.188376753507014216e-01 1.018528877305398517e+01
2.191182364729459264e-01 1.330791516852999123e+01
2.193987975951904035e-01 9.972641085215071755e+00
2.196793587174348805e-01 1.071400333358989876e+01
2.199599198396793853e-01 7.727638078172303970e+00
2.202404809619238901e-01 1.220768240810000016e+01
2.205210420841683672e-01 1.050624016168615071e+01
2.208016032064128442e-01 7.845211021189487433e+00
2.210821643286573490e-01 8.100902294578800067e+00
2.213627254509018261e-01 8.619366340563331619e+00
2.216432865731463031e-01 1.109125245590143471e+01
2.219238476953908079e-01 1.231431698200156255e+01
2.222044088176353127e-01 9.675239279695786010e+00
2.224849699398797898e-01 7.125793100216454512e+00
2.227655310621242668e-01 7.987199406103663080e+00
2.230460921843687716e-01 8.677667218143835015e+00
2.233266533066132487e-01 6.886342508081837011e+00
2.236072144288577257e-01 9.048392484117369960e+00
2.238877755511022305e-01 6.005685860127904618e+00
2.241683366733467353e-01 7.667467589766109093e+00
2.244488977955912123e-01 8.389808012363337397e+00
2.247294589178356894e-01 7.281152314319272456e+00
2.250100200400801942e-01 7.838013587526115877e+00
2.252905811623246712e-01 8.304132353499014130e+00
2.255711422845691483e-01 6.743672472390772832e+00
2.258517034068136531e-01 7.042851172392571968e+00
2.261322645290581579e-01 6.376116720648302483e+00
2.264128256513026349e-01 9.227800769501117273e+00
2.266933867735471120e-01 6.110016378148192651e+00
2.269739478957916168e-01 7.668748582622733956e+00
2.272545090180360938e-01 7.719086975363180336e+00
2.275350701402805709e-01 6.043092700148284813e+00
2.278156312625250757e-01 5.666175926684546837e+00
2.280961923847695805e-01 7.582673766762032308e+00
2.283767535070140575e-01 8.941104895723373858e+00
2.286573146292585346e-01 4.986557721760472184e+00
2.289378757515030394e-01 6.203180500303655087e+00
2.292184368737475442e-01 8.154281019732261271e+00
2.294989979959919935e-01 5.752786023471728072e+00
2.297795591182364983e-01 5.918727192367573942e+00
2.300601202404810031e-01 7.347675663318990580e+00
2.303406813627254801e-01 6.590292840880205283e+00
2.306212424849699572e-01 5.469431487548871651e+00
2.309018036072144620e-01 6.338854448220623716e+00
2.311823647294589668e-01 6.302274124103607100e+00
2.314629258517034160e-01 7.046725202674457122e+00
2.317434869739479208e-01 5.300455690484466409e+00
2.320240480961924256e-01 6.738541309672458901e+00
2.323046092184369027e-01 5.570278890560619089e+00
2.325851703406813797e-01 5.437693207664563211e+00
2.328657314629258845e-01 5.977841246131399444e+00
2.331462925851703893e-01 5.608134105136004521e+00
2.334268537074148386e-01 5.386541754661465120e+00
2.337074148296593434e-01 4.660182313891830574e+00
2.339879759519038482e-01 6.320287004455914293e+00
2.342685370741483253e-01 5.872426242735686586e+00
2.345490981963928023e-01 5.505688722142482838e+00
2.348296593186373071e-01 6.149807252773404898e+00
2.351102204408818119e-01 6.161608836693449831e+00
2.353907815631262890e-01 5.861978304347333690e+00
2.356713426853707660e-01 5.408609990988350269e+00
2.359519038076152708e-01 7.079918460962869808e+00
2.362324649298597479e-01 5.614461132790879105e+00
2.365130260521042249e-01 4.137739339630772228e+00
2.367935871743487297e-01 5.123883305993905068e+00
2.370741482965932345e-01 6.049653844805628289e+00
2.373547094188377116e-01 5.967584121223096894e+00
2.376352705410821886e-01 5.050388779660842431e+00
2.379158316633266934e-01 5.252939824279773795e+00
2.381963927855711705e-01 6.395259481187148154e+00
2.384769539078156475e-01 5.366897257793438847e+00
2.387575150300601523e-01 4.303459857702970126e+00
2.390380761523046571e-01 4.924569051755037563e+00
2.393186372745491342e-01 5.776412808419297384e+00
2.395991983967936112e-01 5.971624246081790766e+00
2.398797595190381160e-01 4.725343997188146794e+00
2.401603206412825930e-01 4.118489699794944059e+00
2.404408817635270701e-01 4.481169938885069648e+00
2.407214428857715749e-01 5.044485177063106285e+00
2.410020040080160797e-01 5.633262663720641328e+00
2.412825651302605567e-01 4.208294309874998085e+00
2.415631262525050338e-01 4.707524737652890146e+00
2.418436873747495386e-01 4.619916875511703935e+00
2.421242484969940156e-01 3.729171586937607419e+00
2.424048096192384927e-01 4.065618419614118295e+00
2.426853707414829975e-01 4.369788500047978808e+00
2.429659318637275023e-01 4.097077280951669565e+00
2.432464929859719793e-01 4.784457401349121675e+00
2.435270541082164564e-01 4.740712761333691461e+00
2.438076152304609612e-01 4.107813856534214381e+00
2.440881763527054382e-01 3.769551781410444224e+00
2.443687374749499153e-01 4.607285388103158574e+00
2.446492985971944201e-01 5.398232124652264652e+00
2.449298597194389249e-01 4.208373779184519492e+00
2.452104208416834019e-01 3.646017755788766745e+00
2.454909819639278790e-01 4.453714077873209831e+00
2.457715430861723838e-01 3.713406926129559249e+00
2.460521042084168608e-01 4.054749466145511683e+00
2.463326653306613379e-01 4.296935366094061237e+00
2.466132264529058427e-01 4.133455699799068128e+00
2.468937875751503475e-01 3.673068374130312286e+00
2.471743486973948245e-01 3.615521758541844655e+00
2.474549098196393015e-01 3.996384117855139806e+00
2.477354709418838064e-01 4.237874637403485245e+00
2.480160320641282834e-01 3.596954781217482910e+00
2.482965931863727604e-01 4.352115785793859715e+00
2.485771543086172652e-01 5.299902404606887885e+00
2.488577154308617700e-01 3.783970790266891537e+00
2.491382765531062471e-01 3.530452008740972758e+00
2.494188376753507241e-01 3.706162674923645817e+00
2.496993987975952289e-01 3.797700449353844654e+00
2.499799599198397060e-01 3.346934336923551356e+00
2.502605210420841830e-01 3.987205818993883266e+00
2.505410821643286878e-01 3.379153925161296979e+00
2.508216432865731926e-01 4.502824093097130387e+00
2.511022044088176974e-01 3.717526831209998051e+00
2.513827655310621467e-01 4.254519761267682831e+00
2.516633266533066515e-01 3.833703404540170556e+00
2.519438877755511008e-01 3.626588743993456987e+00
2.522244488977956056e-01 3.613438850215302978e+00
2.525050100200401104e-01 3.114461366104161133e+00
2.527855711422846152e-01 3.256966115635602232e+00
2.530661322645291200e-01 3.923710954104758120e+00
2.533466933867735693e-01 3.219658034298552352e+00
2.536272545090180741e-01 3.737863065447570854e+00
2.539078156312625234e-01 3.741177168102938211e+00
2.541883767535070282e-01 3.622721599976448825e+00
2.544689378757515330e-01 3.389357261779915476e+00
2.547494989979960378e-01 2.817632565140322676e+00
2.550300601202405426e-01 3.032968497321798740e+00
2.553106212424849919e-01 3.438555650522042928e+00
2.555911823647294967e-01 3.430670642522080094e+00
2.558717434869740015e-01 3.126331517377722413e+00
2.561523046092184508e-01 3.116351923209769836e+00
2.564328657314629556e-01 4.037909998625136332e+00
2.567134268537074604e-01 3.496370825486488698e+00
2.569939879759519652e-01 3.587588352238762823e+00
2.572745490981964145e-01 3.304240134703671838e+00
2.575551102204409193e-01 3.571414683829604364e+00
2.578356713426854241e-01 3.067756129029130197e+00
2.581162324649298734e-01 3.813224678345688456e+00
2.583967935871743782e-01 3.004828581022161771e+00
2.586773547094188830e-01 3.053109018035788491e+00
2.589579158316633878e-01 3.691959746937444553e+00
2.592384769539078371e-01 2.997785478764199762e+00
2.595190380761523419e-01 2.705329998525228152e+00
2.597995991983968467e-01 2.983212453604169756e+00
2.600801603206412960e-01 2.484979151757927607e+00
2.603607214428858008e-01 3.391166525832257417e+00
2.606412825651303056e-01 2.943799069755358655e+00
2.609218436873748104e-01 2.737119467773229342e+00
2.612024048096192597e-01 2.899060376432173847e+00
2.614829659318637645e-01 3.194488970443737141e+00
2.617635270541082693e-01 3.043291043213870672e+00
2.620440881763527186e-01 2.921650742549954494e+00
2.623246492985972234e-01 3.075063721938089856e+00
2.626052104208417282e-01 3.071263948882486439e+00
2.628857715430862330e-01 3.425344591109841463e+00
2.631663326653306823e-01 2.877291636411275277e+00
2.634468937875751871e-01 2.503192797608142950e+00
2.637274549098196919e-01 3.573425878065134231e+00
2.640080160320641411e-01 3.322397760054651705e+00
2.642885771543086459e-01 3.346513879569341654e+00
2.645691382765531507e-01 2.914663204295721233e+00
2.648496993987976555e-01 2.500425117201765079e+00
2.651302605210421603e-01 2.562620086033288391e+00
2.654108216432866096e-01 2.617807628689129196e+00
2.656913827655310589e-01 3.133341166374528086e+00
2.659719438877755637e-01 2.764279716395583453e+00
2.662525050100200685e-01 3.067196017569793209e+00
2.665330661322645733e-01 2.818365564380905131e+00
2.668136272545090781e-01 2.968970553491621089e+00
2.670941883767535829e-01 2.729918825567312801e+00
2.673747494989980322e-01 2.787903771493883909e+00
2.676553106212424815e-01 2.918440345164374783e+00
2.679358717434869863e-01 2.891517141011485492e+00
2.682164328657314911e-01 2.722816648451781507e+00
2.684969939879759959e-01 2.923864477783205018e+00
2.687775551102205007e-01 3.068657907254634498e+00
2.690581162324650055e-01 2.581670080192151051e+00
2.693386773547094548e-01 2.612470076088658999e+00
2.696192384769539041e-01 2.606705935944977792e+00
2.698997995991984089e-01 2.820628719060637390e+00
2.701803607214429137e-01 2.745845375895868745e+00
2.704609218436874185e-01 2.929489573208891251e+00
2.707414829659319233e-01 2.357373799652218160e+00
2.710220440881764281e-01 2.505339050350159358e+00
2.713026052104208774e-01 2.530046871868527614e+00
2.715831663326653267e-01 2.549257778855638534e+00
2.718637274549098315e-01 2.281865411529218068e+00
2.721442885771543363e-01 2.763242768379568393e+00
2.724248496993988411e-01 2.827630196284592667e+00
2.727054108216433459e-01 2.502111512948609118e+00
2.729859719438878507e-01 2.520051955456334980e+00
2.732665330661323000e-01 2.848416288997414725e+00
2.735470941883767493e-01 2.013464801473172638e+00
2.738276553106212541e-01 2.555254819756035634e+00
2.741082164328657589e-01 2.972788993255395695e+00
2.743887775551102637e-01 2.410402589340168156e+00
2.746693386773547685e-01 2.546977813128230572e+00
2.749498997995992733e-01 2.383627968293974497e+00
2.752304609218437226e-01 2.439775556981522708e+00
2.755110220440881719e-01 2.572331519361157337e+00
2.757915831663326767e-01 2.419414919926005325e+00
2.760721442885771815e-01 2.634137411431911158e+00
2.763527054108216863e-01 2.767493234902081767e+00
2.766332665330661911e-01 2.902972620834157969e+00
2.769138276553106959e-01 2.439963887776710916e+00
2.771943887775551452e-01 2.300421359701950497e+00
2.774749498997996500e-01 2.278905413724734430e+00
2.777555110220440993e-01 2.555753102514174202e+00
2.780360721442886041e-01 2.546840848473640229e+00
2.783166332665331089e-01 2.245013633769175954e+00
2.785971943887776137e-01 2.079782789119978936e+00
2.788777555110221185e-01 2.413978859410319089e+00
2.791583166332665678e-01 2.205880680753040668e+00
2.794388777555110726e-01 2.169623308109175142e+00
2.797194388777555218e-01 2.474210721435488480e+00
2.800000000000000266e-01 2.038614025096374238e+00
