lambda suscetibilidade
1.400000000000000133e-01 2.132825951728152702e+00
1.402805611222444904e-01 2.295716746602830760e+00
1.405611222444889952e-01 2.263912658970194780e+00
1.408416833667334722e-01 2.065584873873574256e+00
1.411222444889779770e-01 2.140616335264983405e+00
1.414028056112224541e-01 1.994295452963013027e+00
1.416833667334669589e-01 2.030385894203485364e+00
1.419639278557114359e-01 1.997765080528458581e+00
1.422444889779559130e-01 2.809880718404956124e+00
1.425250501002004178e-01 2.902016151670667732e+00
1.428056112224448948e-01 2.691495776559083009e+00
1.430861723446893996e-01 2.757088037117416679e+00
1.433667334669338767e-01 2.627545183925986905e+00
1.436472945891783815e-01 3.409483856709647931e+00
1.439278557114228585e-01 2.886366206369644694e+00
1.442084168336673355e-01 2.836439356097486542e+00
1.444889779559118403e-01 3.220549510228730039e+00
1.447695390781563174e-01 1.860318240807692147e+00
1.450501002004008222e-01 3.087387664891402927e+00
1.453306613226452992e-01 2.593994557636060350e+00
1.456112224448898040e-01 2.604738340159130416e+00
1.458917835671342811e-01 3.118835101364545448e+00
1.461723446893787859e-01 2.436448038009791262e+00
1.464529058116232629e-01 2.922716265373565214e+00
1.467334669338677400e-01 2.841355977860015258e+00
1.470140280561122448e-01 2.660400785427937453e+00
1.472945891783567218e-01 2.337998011310259638e+00
1.475751503006012266e-01 3.109424547873598677e+00
1.478557114228457037e-01 2.962400862117200440e+00
1.481362725450902085e-01 2.081336192002036345e+00
1.484168336673346855e-01 1.846599239863157660e+00
1.486973947895791626e-01 2.605456168284841389e+00
1.489779559118236674e-01 3.010572815548615111e+00
1.492585170340681444e-01 2.142137961629231313e+00
1.495390781563126492e-01 2.301383661629590627e+00
1.498196392785571263e-01 3.166673479700811367e+00
1.501002004008016311e-01 2.300138243313913478e+00
1.503807615230461081e-01 4.287901111536627674e+00
1.506613226452905852e-01 2.994695707628475478e+00
1.509418837675350900e-01 2.539047541122919860e+00
1.512224448897795670e-01 3.287946984633027814e+00
1.515030060120240718e-01 4.006557115031140981e+00
1.517835671342685488e-01 3.388529220082117988e+00
1.520641282565130536e-01 3.705366002504909773e+00
1.523446893787575307e-01 3.150367749089430625e+00
1.526252505010020077e-01 2.914254851647397615e+00
1.529058116232465125e-01 3.087961771189790650e+00
1.531863727454909896e-01 2.623999358215896027e+00
1.534669338677354944e-01 3.239034926854583496e+00
1.537474949899799714e-01 3.462719864375513712e+00
1.540280561122244762e-01 3.942084062458370397e+00
1.543086172344689533e-01 3.185645340755808963e+00
1.545891783567134303e-01 3.522114642662983908e+00
1.548697394789579351e-01 3.049972181365852908e+00
1.551503006012024122e-01 3.326114196041165094e+00
1.554308617234469170e-01 2.893082231894186229e+00
1.557114228456913940e-01 5.023919014313330322e+00
1.559919839679358988e-01 2.760517101801515327e+00
1.562725450901803759e-01 2.505736322983453945e+00
1.565531062124248529e-01 3.194022618703877825e+00
1.568336673346693577e-01 2.560304152234687880e+00
1.571142284569138348e-01 4.016196473609425333e+00
1.573947895791583396e-01 3.379219654742536161e+00
1.576753507014028166e-01 3.432942312610835156e+00
1.579559118236473214e-01 2.871389126964277949e+00
1.582364729458917985e-01 2.706898998126686884e+00
1.585170340681362755e-01 3.114429630502584700e+00
1.587975951903807803e-01 3.927368241242140900e+00
1.590781563126252574e-01 4.178380786553291593e+00
1.593587174348697622e-01 3.583355479623333117e+00
1.596392785571142392e-01 2.629435210584037286e+00
1.599198396793587440e-01 2.915251137873132059e+00
1.602004008016032210e-01 3.296659916243971811e+00
1.604809619238476981e-01 2.082703138043843438e+00
1.607615230460922029e-01 2.539543543076312471e+00
1.610420841683366799e-01 2.309991880223764227e+00
1.613226452905811847e-01 3.212178025348658927e+00
1.616032064128256618e-01 2.813440877819953112e+00
1.618837675350701666e-01 2.950513586018231216e+00
1.621643286573146436e-01 2.268024919134360662e+00
1.624448897795591207e-01 2.474748525877041416e+00
1.627254509018036255e-01 2.575443589651638998e+00
1.630060120240481025e-01 2.301508393855569157e+00
1.632865731462926073e-01 3.203605383380664584e+00
1.635671342685370844e-01 4.139063986982737475e+00
1.638476953907815892e-01 2.933064050184605254e+00
1.641282565130260662e-01 3.705279623763973351e+00
1.644088176352705433e-01 3.819115003794374186e+00
1.646893787575150481e-01 2.818034655428372393e+00
1.649699398797595251e-01 3.469544122632145733e+00
1.652505010020040299e-01 3.941155150453126144e+00
1.655310621242485070e-01 4.541903781267762952e+00
1.658116232464930118e-01 3.535220397836285056e+00
1.660921843687374888e-01 4.117852976583902702e+00
1.663727454909819936e-01 3.578853949141548085e+00
1.666533066132264707e-01 3.305652164970061868e+00
1.669338677354709755e-01 3.468018137138485724e+00
1.672144288577154525e-01 2.778735886481090045e+00
1.674949899799599295e-01 4.816815116756977488e+00
1.677755511022044344e-01 3.541099821402021508e+00
1.680561122244489114e-01 2.972758759919504890e+00
1.683366733466934162e-01 4.821518874545137834e+00
1.686172344689378932e-01 3.238695669546866718e+00
1.688977955911823980e-01 4.154567057911255468e+00
1.691783567134268751e-01 4.423650275617647232e+00
1.694589178356713521e-01 5.816170684095457233e+00
1.697394789579158569e-01 3.435103858945568245e+00
1.700200400801603340e-01 3.426533734965747868e+00
1.703006012024048388e-01 3.576515869777055823e+00
1.705811623246493158e-01 4.274371973280575610e+00
1.708617234468938206e-01 3.931024092447620966e+00
1.711422845691382977e-01 3.582493758611769774e+00
1.714228456913827747e-01 3.886053706700809407e+00
1.717034068136272795e-01 3.565068550294031802e+00
1.719839679358717566e-01 3.600818917257534668e+00
1.722645290581162614e-01 5.250887879252166712e+00
1.725450901803607384e-01 3.705908848765400609e+00
1.728256513026052432e-01 5.580741346718457230e+00
1.731062124248497203e-01 5.132310808414883851e+00
1.733867735470941973e-01 3.015765090539763271e+00
1.736673346693387021e-01 3.990724266111552954e+00
1.739478957915831792e-01 3.698058415789959863e+00
1.742284569138276840e-01 4.189485038246749227e+00
1.745090180360721610e-01 6.593949457850904139e+00
1.747895791583166658e-01 4.509069251439084880e+00
1.750701402805611429e-01 4.295438675445195642e+00
1.753507014028056199e-01 5.178824449739301450e+00
1.756312625250501247e-01 3.520845972126714241e+00
1.759118236472946017e-01 3.839915108031707547e+00
1.761923847695391065e-01 4.260213855975226060e+00
1.764729458917835836e-01 4.722643645719500682e+00
1.767535070140280884e-01 6.328141665776366942e+00
1.770340681362725654e-01 4.049213803454656535e+00
1.773146292585170425e-01 4.800087778843222353e+00
1.775951903807615473e-01 4.087531663002679672e+00
1.778757515030060243e-01 6.113266987786579065e+00
1.781563126252505291e-01 4.836878138418505557e+00
1.784368737474950062e-01 3.953321136043467465e+00
1.787174348697395110e-01 4.340880433593262033e+00
1.789979959919839880e-01 4.643420008354628870e+00
1.792785571142284651e-01 3.991372838919189814e+00
1.795591182364729699e-01 4.048274739903399144e+00
1.798396793587174469e-01 3.993546684083120635e+00
1.801202404809619517e-01 3.268591756309291885e+00
1.804008016032064288e-01 5.995637699419155808e+00
1.806813627254509336e-01 4.836031535954472993e+00
1.809619238476954106e-01 3.872738389849303964e+00
1.812424849699398877e-01 5.724460348168607382e+00
1.815230460921843925e-01 5.745652235291508703e+00
1.818036072144288695e-01 4.823644748748097122e+00
1.820841683366733743e-01 4.601359256840733991e+00
1.823647294589178514e-01 8.380138625507447259e+00
1.826452905811623562e-01 4.774886680389695215e+00
1.829258517034068332e-01 4.736226696048388973e+00
1.832064128256513102e-01 5.994244302632567134e+00
1.834869739478958151e-01 7.421526826840255886e+00
1.837675350701402921e-01 5.799646199300169336e+00
1.840480961923847969e-01 5.353781184993395392e+00
1.843286573146292739e-01 5.455886673200074810e+00
1.846092184368737787e-01 6.673779426280361804e+00
1.848897795591182558e-01 7.453499376858688130e+00
1.851703406813627328e-01 6.240260618592138542e+00
1.854509018036072376e-01 6.341853150109148629e+00
1.857314629258517147e-01 5.539803201796538623e+00
1.860120240480962195e-01 4.974911764627298894e+00
1.862925851703406965e-01 1.341250079166324838e+01
1.865731462925852013e-01 7.300612788052647240e+00
1.868537074148296784e-01 6.120651195668857625e+00
1.871342685370741554e-01 9.354152727693998415e+00
1.874148296593186602e-01 6.997037519252953253e+00
1.876953907815631650e-01 6.835027841444359709e+00
1.879759519038076421e-01 5.300101542274488153e+00
1.882565130260521191e-01 7.842405577516605497e+00
1.885370741482966239e-01 7.379558488129335458e+00
1.888176352705411010e-01 8.320905908347496549e+00
1.890981963927855780e-01 6.588841195828981867e+00
1.893787575150300828e-01 5.105752838840931673e+00
1.896593186372745876e-01 5.516626802363402859e+00
1.899398797595190647e-01 7.105895607926661306e+00
1.902204408817635417e-01 7.485969724624604638e+00
1.905010020040080465e-01 4.607345074425073683e+00
1.907815631262525236e-01 4.637303854153087102e+00
1.910621242484970006e-01 7.347861109237496358e+00
1.913426853707415054e-01 6.637583876133563265e+00
1.916232464929860102e-01 1.079833816068279795e+01
1.919038076152304872e-01 6.921390892497225167e+00
1.921843687374749643e-01 1.152214956567916637e+01
1.924649298597194691e-01 6.323369579123537143e+00
1.927454909819639461e-01 6.783001641689692107e+00
1.930260521042084232e-01 8.750461506046374183e+00
1.933066132264529280e-01 1.028935246304079421e+01
1.935871743486974328e-01 5.717295705038328180e+00
1.938677354709419098e-01 5.656725056501437088e+00
1.941482965931863869e-01 8.211808337489035381e+00
1.944288577154308917e-01 5.933829588276849698e+00
1.947094188376753687e-01 7.152893209170239075e+00
1.949899799599198458e-01 6.867055411595194947e+00
1.952705410821643506e-01 6.002505708525908368e+00
1.955511022044088554e-01 6.782986897624292411e+00
1.958316633266533324e-01 7.380105420771344349e+00
1.961122244488978095e-01 1.030549525943182587e+01
1.963927855711423143e-01 9.535053891056376685e+00
1.966733466933867913e-01 8.511889267920215829e+00
1.969539078156312684e-01 8.297706368376712049e+00
1.972344689378757732e-01 9.082721041487213043e+00
1.975150300601202780e-01 6.150921419074060204e+00
1.977955911823647550e-01 9.807876193721222435e+00
1.980761523046092321e-01 6.974173014139045002e+00
1.983567134268537369e-01 7.186400571512159274e+00
1.986372745490982139e-01 6.897591931475672844e+00
1.989178356713427187e-01 1.092468624979562364e+01
1.991983967935871958e-01 8.353951047868768853e+00
1.994789579158317006e-01 9.299553476523923834e+00
1.997595190380761776e-01 9.804930198051852841e+00
2.000400801603206546e-01 8.183303348110376518e+00
2.003206412825651594e-01 1.029805935225199498e+01
2.006012024048096365e-01 8.477695310027751674e+00
2.008817635270541413e-01 1.007828181223246666e+01
2.011623246492986183e-01 8.342778149671818966e+00
2.014428857715431231e-01 8.612301195622350747e+00
2.017234468937876002e-01 9.736344389975444713e+00
2.020040080160320772e-01 1.109353361089647194e+01
2.022845691382765820e-01 9.089663684216503725e+00
2.025651302605210868e-01 1.168380193628425623e+01
2.028456913827655361e-01 1.144447250716834397e+01
2.031262525050100409e-01 1.052235090318696464e+01
2.034068136272545457e-01 1.306821404884800586e+01
2.036873747494990228e-01 1.491258599844668176e+01
2.039679358717434998e-01 1.198373397292442988e+01
2.042484969939880046e-01 9.440459499326436799e+00
2.045290581162325094e-01 1.181100769980923637e+01
2.048096192384769587e-01 1.021778585824834451e+01
2.050901803607214635e-01 1.155124756644467965e+01
2.053707414829659683e-01 1.133428064059413565e+01
2.056513026052104454e-01 1.010756550935861320e+01
2.059318637274549224e-01 8.253839700057392648e+00
2.062124248496994272e-01 8.407810955693088673e+00
2.064929859719439320e-01 1.175022522088809218e+01
2.067735470941883813e-01 1.389647631255566473e+01
2.070541082164328861e-01 1.026895093585709873e+01
2.073346693386773909e-01 1.291167592258469199e+01
2.076152304609218679e-01 1.071410320827867935e+01
2.078957915831663450e-01 1.414913701080803499e+01
2.081763527054108498e-01 1.012830785563640568e+01
2.084569138276553546e-01 1.245919625528376429e+01
2.087374749498998316e-01 9.392513964591103104e+00
2.090180360721443087e-01 1.169461405387361808e+01
2.092985971943888135e-01 7.758057540371285477e+00
2.095791583166332905e-01 1.202985569811439248e+01
2.098597194388777676e-01 9.404963066189472087e+00
2.101402805611222724e-01 9.102272912671288907e+00
2.104208416833667772e-01 1.151699274564268016e+01
2.107014028056112542e-01 1.261405471416110302e+01
2.109819639278557313e-01 1.086987164916143023e+01
2.112625250501002361e-01 9.728286407688219839e+00
2.115430861723447131e-01 1.065428426101094850e+01
2.118236472945891902e-01 1.293253722232894631e+01
2.121042084168336950e-01 1.038527361465514431e+01
2.123847695390781998e-01 1.485223144564681164e+01
2.126653306613226768e-01 1.632037343470850388e+01
2.129458917835671539e-01 1.063551932454367055e+01
2.132264529058116587e-01 1.684892755591474156e+01
2.135070140280561357e-01 1.822851115568523639e+01
2.137875751503006128e-01 1.211729716919012212e+01
2.140681362725451176e-01 9.100760377176809968e+00
2.143486973947896224e-01 8.372568375692894804e+00
2.146292585170340994e-01 7.211541892882920912e+00
2.149098196392785765e-01 1.079192751564495900e+01
2.151903807615230813e-01 9.660818823688229529e+00
2.154709418837675583e-01 9.813075363975539034e+00
2.157515030060120353e-01 1.039887170890563795e+01
2.160320641282565401e-01 9.814882850102689460e+00
2.163126252505010449e-01 8.005716433870006199e+00
2.165931863727455220e-01 1.081240304820658160e+01
2.168737474949899990e-01 9.923830117450002319e+00
2.171543086172345038e-01 1.104609693877296728e+01
2.174348697394789809e-01 1.033374161728159457e+01
2.177154308617234579e-01 8.179569484720285999e+00
2.179959919839679627e-01 1.168987191070689668e+01
2.182765531062124675e-01 1.138778909675117745e+01
2.185571142284569446e-01 1.229107708471197213e+01
2.188376753507014216e-01 1.284610453025946342e+01
2.191182364729459264e-01 8.696368848425892750e+00
2.193987975951904035e-01 1.153657663199664363e+01
2.196793587174348805e-01 7.840605470129039745e+00
2.199599198396793853e-01 8.434274628277945496e+00
2.202404809619238901e-01 8.017232466791243795e+00
2.205210420841683672e-01 1.073006193585907653e+01
2.208016032064128442e-01 1.075890095998672003e+01
2.210821643286573490e-01 1.192967238621051607e+01
2.213627254509018261e-01 7.384289139428632076e+00
2.216432865731463031e-01 9.915728070220874102e+00
2.219238476953908079e-01 9.334551826930953311e+00
2.222044088176353127e-01 7.464074327002495401e+00
2.224849699398797898e-01 9.549239013261237474e+00
2.227655310621242668e-01 7.963466156914941863e+00
2.230460921843687716e-01 7.694107341576221337e+00
2.233266533066132487e-01 8.314657903030798991e+00
2.236072144288577257e-01 8.726313040338414595e+00
2.238877755511022305e-01 8.094916377266425656e+00
2.241683366733467353e-01 7.072778716820635303e+00
2.244488977955912123e-01 7.746987692860859198e+00
2.247294589178356894e-01 6.881775965794072469e+00
2.250100200400801942e-01 8.645191367421235284e+00
2.252905811623246712e-01 7.486392528711940386e+00
2.255711422845691483e-01 7.870783319480224804e+00
2.258517034068136531e-01 7.597875782397975009e+00
2.261322645290581579e-01 7.665005507098634929e+00
2.264128256513026349e-01 8.468725076496983917e+00
2.266933867735471120e-01 6.544988813118074233e+00
2.269739478957916168e-01 5.709195196147071272e+00
2.272545090180360938e-01 5.998791881929673941e+00
2.275350701402805709e-01 5.418974548639519995e+00
2.278156312625250757e-01 1.043373830216074083e+01
2.280961923847695805e-01 6.717106958688500384e+00
2.283767535070140575e-01 7.874976445800126790e+00
2.286573146292585346e-01 7.903665225292292540e+00
2.289378757515030394e-01 6.644994732409396754e+00
2.292184368737475442e-01 7.228615420320365637e+00
2.294989979959919935e-01 5.932667155498136502e+00
2.297795591182364983e-01 6.762081569751901888e+00
2.300601202404810031e-01 7.187637124275051193e+00
2.303406813627254801e-01 6.995618552270099322e+00
2.306212424849699572e-01 8.649407381838353004e+00
2.309018036072144620e-01 4.386206141134601388e+00
2.311823647294589668e-01 6.863621483477124308e+00
2.314629258517034160e-01 6.315403897957875934e+00
2.317434869739479208e-01 5.607490995260543620e+00
2.320240480961924256e-01 6.323444688911934009e+00
2.323046092184369027e-01 5.687318452454610096e+00
2.325851703406813797e-01 5.527362464785275264e+00
2.328657314629258845e-01 7.564609272182964972e+00
2.331462925851703893e-01 6.620276113909508986e+00
2.334268537074148386e-01 4.400947250599225313e+00
2.337074148296593434e-01 5.904147130091989659e+00
2.339879759519038482e-01 5.730167819690844766e+00
2.342685370741483253e-01 5.736546893093791510e+00
2.345490981963928023e-01 5.329536952555386620e+00
2.348296593186373071e-01 5.553973787602230594e+00
2.351102204408818119e-01 4.298096269700374172e+00
2.353907815631262890e-01 5.322271514017314686e+00
2.356713426853707660e-01 5.087150733651391477e+00
2.359519038076152708e-01 5.150010503300011422e+00
2.362324649298597479e-01 4.971241549975704999e+00
2.365130260521042249e-01 5.100032994787312646e+00
2.367935871743487297e-01 4.315233032027552262e+00
2.370741482965932345e-01 4.404437538709851552e+00
2.373547094188377116e-01 5.396959959905209381e+00
2.376352705410821886e-01 4.038149197018382708e+00
2.379158316633266934e-01 3.935017788587559462e+00
2.381963927855711705e-01 5.698502557633269738e+00
2.384769539078156475e-01 4.436809564404352813e+00
2.387575150300601523e-01 4.554478439077949581e+00
2.390380761523046571e-01 4.953935245701334367e+00
2.393186372745491342e-01 4.338171860537556768e+00
2.395991983967936112e-01 3.789513868568515687e+00
2.398797595190381160e-01 5.204654148230869026e+00
2.401603206412825930e-01 5.433158389486894890e+00
2.404408817635270701e-01 5.528277692316045488e+00
2.407214428857715749e-01 4.439049785339854282e+00
2.410020040080160797e-01 3.924308122897131934e+00
2.412825651302605567e-01 3.760584364120843848e+00
2.415631262525050338e-01 4.243974285274360270e+00
2.418436873747495386e-01 4.346389979212800014e+00
2.421242484969940156e-01 4.463128033579218723e+00
2.424048096192384927e-01 5.092839182601563763e+00
2.426853707414829975e-01 4.421860082208994847e+00
2.429659318637275023e-01 3.408649465438509107e+00
2.432464929859719793e-01 4.417948387533920496e+00
2.435270541082164564e-01 4.530765940222627464e+00
2.438076152304609612e-01 4.192818846592062165e+00
2.440881763527054382e-01 4.551202918194650060e+00
2.443687374749499153e-01 3.823673718577330849e+00
2.446492985971944201e-01 4.050258070158677448e+00
2.449298597194389249e-01 4.117745105618863199e+00
2.452104208416834019e-01 3.911259376512979280e+00
2.454909819639278790e-01 3.984158303501840859e+00
2.457715430861723838e-01 4.250222117526109677e+00
2.460521042084168608e-01 4.609570906093111375e+00
2.463326653306613379e-01 4.196320041089768971e+00
2.466132264529058427e-01 4.032586491159404929e+00
2.468937875751503475e-01 3.997238621279200377e+00
2.471743486973948245e-01 3.968321516747017608e+00
2.474549098196393015e-01 3.835839789377001985e+00
2.477354709418838064e-01 4.117506336464441752e+00
2.480160320641282834e-01 3.988305285698186431e+00
2.482965931863727604e-01 3.779771097719582862e+00
2.485771543086172652e-01 3.533903206416044274e+00
2.488577154308617700e-01 3.484783454477283993e+00
2.491382765531062471e-01 4.715646780007096694e+00
2.494188376753507241e-01 4.692758038155562694e+00
2.496993987975952289e-01 4.087165420294179619e+00
2.499799599198397060e-01 4.078286155959017556e+00
2.502605210420841830e-01 3.689172811889236403e+00
2.505410821643286878e-01 3.900889071597057889e+00
2.508216432865731926e-01 3.862069476964198333e+00
2.511022044088176974e-01 3.359577223883243757e+00
2.513827655310621467e-01 3.243831792646318934e+00
2.516633266533066515e-01 3.506921087094324374e+00
2.519438877755511008e-01 3.981203589110887897e+00
2.522244488977956056e-01 2.867324769834596943e+00
2.525050100200401104e-01 3.175275150343820574e+00
2.527855711422846152e-01 3.607875175346407559e+00
2.530661322645291200e-01 3.215793398108061307e+00
2.533466933867735693e-01 3.695776448451843610e+00
2.536272545090180741e-01 3.568427842503503200e+00
2.539078156312625234e-01 3.909954833502988780e+00
2.541883767535070282e-01 3.525395894335626057e+00
2.544689378757515330e-01 4.192126652176850321e+00
2.547494989979960378e-01 3.334607827302876082e+00
2.550300601202405426e-01 3.594398166917528670e+00
2.553106212424849919e-01 3.160245475235979651e+00
2.555911823647294967e-01 2.972479045064249537e+00
2.558717434869740015e-01 4.068504711048993805e+00
2.561523046092184508e-01 3.878038930674003737e+00
2.564328657314629556e-01 3.247953377163208977e+00
2.567134268537074604e-01 3.448270221743439112e+00
2.569939879759519652e-01 2.737476023059857599e+00
2.572745490981964145e-01 3.138176467613966736e+00
2.575551102204409193e-01 2.836329931338506416e+00
2.578356713426854241e-01 2.780749100463723700e+00
2.581162324649298734e-01 3.466292816892445394e+00
2.583967935871743782e-01 3.579613848066352855e+00
2.586773547094188830e-01 3.658643773958632828e+00
2.589579158316633878e-01 3.355406177094188536e+00
2.592384769539078371e-01 3.639390273162542044e+00
2.595190380761523419e-01 3.401768724054081705e+00
2.597995991983968467e-01 3.112343571421545274e+00
2.600801603206412960e-01 3.116905161000737667e+00
2.603607214428858008e-01 2.881786848593964390e+00
2.606412825651303056e-01 3.189917380920774814e+00
2.609218436873748104e-01 3.258588098482676720e+00
2.612024048096192597e-01 3.446292604920109692e+00
2.614829659318637645e-01 2.869064909957015352e+00
2.617635270541082693e-01 3.141723740205576654e+00
2.620440881763527186e-01 2.534011815363939490e+00
2.623246492985972234e-01 2.930291761179389720e+00
2.626052104208417282e-01 3.208643643131135370e+00
2.628857715430862330e-01 2.865005511340581457e+00
2.631663326653306823e-01 2.874319436420696761e+00
2.634468937875751871e-01 2.714404589434265436e+00
2.637274549098196919e-01 3.203298499735437233e+00
2.640080160320641411e-01 2.821179074987437030e+00
2.642885771543086459e-01 3.079622500175786204e+00
2.645691382765531507e-01 2.841196164570554128e+00
2.648496993987976555e-01 2.982764679887910830e+00
2.651302605210421603e-01 3.445379392226027626e+00
2.654108216432866096e-01 2.709426040908054834e+00
2.656913827655310589e-01 3.138660358701297781e+00
2.659719438877755637e-01 2.845334062008495923e+00
2.662525050100200685e-01 2.402976447419045147e+00
2.665330661322645733e-01 2.942510367695679196e+00
2.668136272545090781e-01 2.848150339187863089e+00
2.670941883767535829e-01 2.398270599252223079e+00
2.673747494989980322e-01 2.858071620023860948e+00
2.676553106212424815e-01 3.028387650298680622e+00
2.679358717434869863e-01 2.933284749890813892e+00
2.682164328657314911e-01 2.559540432324393322e+00
2.684969939879759959e-01 2.200647649903673564e+00
2.687775551102205007e-01 3.083889717224324922e+00
2.690581162324650055e-01 2.573640339227394325e+00
2.693386773547094548e-01 2.828758909242295339e+00
2.696192384769539041e-01 2.880674652266861813e+00
2.698997995991984089e-01 2.815430497037753721e+00
2.701803607214429137e-01 2.786512297615676648e+00
2.704609218436874185e-01 2.277646386103778120e+00
2.707414829659319233e-01 2.921733047454961429e+00
2.710220440881764281e-01 2.562281723616756768e+00
2.713026052104208774e-01 2.988643231269827893e+00
2.715831663326653267e-01 2.974733205554172866e+00
2.718637274549098315e-01 2.842899019456513354e+00
2.721442885771543363e-01 2.671982935920132807e+00
2.724248496993988411e-01 2.614639977091690604e+00
2.727054108216433459e-01 2.345399683282198833e+00
2.729859719438878507e-01 2.574562048678996629e+00
2.732665330661323000e-01 2.616938554447625798e+00
2.735470941883767493e-01 2.504958023309888038e+00
2.738276553106212541e-01 2.467084897535720689e+00
2.741082164328657589e-01 2.570024797371631031e+00
2.743887775551102637e-01 2.439659750775453606e+00
2.746693386773547685e-01 2.447356303189035742e+00
2.749498997995992733e-01 2.724882366416161439e+00
2.752304609218437226e-01 2.668789035844061353e+00
2.755110220440881719e-01 2.482818314294528594e+00
2.757915831663326767e-01 2.264122424413025580e+00
2.760721442885771815e-01 2.306173556635142674e+00
2.763527054108216863e-01 2.318736547890751343e+00
2.766332665330661911e-01 2.590177015086302159e+00
2.769138276553106959e-01 1.979513300172267343e+00
2.771943887775551452e-01 2.238808313427814500e+00
2.774749498997996500e-01 2.255279616803087084e+00
2.777555110220440993e-01 2.699837695592100406e+00
2.780360721442886041e-01 2.349161646366213052e+00
2.783166332665331089e-01 2.690706697693779237e+00
2.785971943887776137e-01 2.412768245627558095e+00
2.788777555110221185e-01 2.390203240776004989e+00
2.791583166332665678e-01 2.531089360245399877e+00
2.794388777555110726e-01 2.415682573283998380e+00
2.797194388777555218e-01 2.480738146644455355e+00
2.800000000000000266e-01 2.466690095899065849e+00
