lambda suscetibilidade
1.400000000000000133e-01 2.148606644139151811e+00
1.402805611222444904e-01 2.160407350189690767e+00
1.405611222444889952e-01 1.985316593248028338e+00
1.408416833667334722e-01 2.099554376633354646e+00
1.411222444889779770e-01 2.228050451621416794e+00
1.414028056112224541e-01 2.176711920444098780e+00
1.416833667334669589e-01 2.420756553086290008e+00
1.419639278557114359e-01 2.719573559523166928e+00
1.422444889779559130e-01 2.625745215885070483e+00
1.425250501002004178e-01 2.269019382218122605e+00
1.428056112224448948e-01 2.380220729227791931e+00
1.430861723446893996e-01 2.168571952605830244e+00
1.433667334669338767e-01 2.476989165194978693e+00
1.436472945891783815e-01 2.886428095247813186e+00
1.439278557114228585e-01 2.751492011539496740e+00
1.442084168336673355e-01 2.726842670958399495e+00
1.444889779559118403e-01 2.421347551655606001e+00
1.447695390781563174e-01 2.731985532777252423e+00
1.450501002004008222e-01 2.447816158891756633e+00
1.453306613226452992e-01 2.417082338041389722e+00
1.456112224448898040e-01 3.250896415854841237e+00
1.458917835671342811e-01 2.762236694026277473e+00
1.461723446893787859e-01 2.447316260826232881e+00
1.464529058116232629e-01 2.403215774145277983e+00
1.467334669338677400e-01 3.104372848335455792e+00
1.470140280561122448e-01 2.941459778039601236e+00
1.472945891783567218e-01 2.501636450453371019e+00
1.475751503006012266e-01 2.485096520617651628e+00
1.478557114228457037e-01 2.937184160772661645e+00
1.481362725450902085e-01 3.098415560091933418e+00
1.484168336673346855e-01 2.940842430357933246e+00
1.486973947895791626e-01 3.455035933247515345e+00
1.489779559118236674e-01 2.645433854823937114e+00
1.492585170340681444e-01 3.438491529647599076e+00
1.495390781563126492e-01 2.557658052840449336e+00
1.498196392785571263e-01 2.968803645380797107e+00
1.501002004008016311e-01 3.952293314089962095e+00
1.503807615230461081e-01 3.161025267605014122e+00
1.506613226452905852e-01 3.247348321226304790e+00
1.509418837675350900e-01 3.738005141802541065e+00
1.512224448897795670e-01 2.566143633895059839e+00
1.515030060120240718e-01 3.108500083523149105e+00
1.517835671342685488e-01 4.435357073862747690e+00
1.520641282565130536e-01 2.919409340215419313e+00
1.523446893787575307e-01 2.812155956137531998e+00
1.526252505010020077e-01 2.810964665105089466e+00
1.529058116232465125e-01 2.541342125742336311e+00
1.531863727454909896e-01 2.523767910645496215e+00
1.534669338677354944e-01 2.889924729572276973e+00
1.537474949899799714e-01 2.525554004302241307e+00
1.540280561122244762e-01 2.566089239580592096e+00
1.543086172344689533e-01 2.531180982112507305e+00
1.545891783567134303e-01 2.550513870073015443e+00
1.548697394789579351e-01 3.214256159383329869e+00
1.551503006012024122e-01 2.465639239465624577e+00
1.554308617234469170e-01 2.709481649272595494e+00
1.557114228456913940e-01 3.263628254497631609e+00
1.559919839679358988e-01 2.888490901834068314e+00
1.562725450901803759e-01 2.476648624664913978e+00
1.565531062124248529e-01 3.708769365116892924e+00
1.568336673346693577e-01 2.797876379194696117e+00
1.571142284569138348e-01 2.508114026514035810e+00
1.573947895791583396e-01 2.434794568746454502e+00
1.576753507014028166e-01 3.281793239580296451e+00
1.579559118236473214e-01 3.755583882944457663e+00
1.582364729458917985e-01 2.791837846414545243e+00
1.585170340681362755e-01 2.229474957602867402e+00
1.587975951903807803e-01 2.837374504440673739e+00
1.590781563126252574e-01 2.914047114927454274e+00
1.593587174348697622e-01 3.579801891423356697e+00
1.596392785571142392e-01 2.958537806165816519e+00
1.599198396793587440e-01 3.176522008066888336e+00
1.602004008016032210e-01 3.282116372946557892e+00
1.604809619238476981e-01 4.008251901930576899e+00
1.607615230460922029e-01 2.138142490709915577e+00
1.610420841683366799e-01 3.023463422209494489e+00
1.613226452905811847e-01 2.818968752831445546e+00
1.616032064128256618e-01 3.031157645265446732e+00
1.618837675350701666e-01 2.943110908967751627e+00
1.621643286573146436e-01 3.164832676626298635e+00
1.624448897795591207e-01 3.637103573272218782e+00
1.627254509018036255e-01 3.429503750826777608e+00
1.630060120240481025e-01 3.464378154565808998e+00
1.632865731462926073e-01 3.278228736465533810e+00
1.635671342685370844e-01 3.090623085286610561e+00
1.638476953907815892e-01 3.546763052599483768e+00
1.641282565130260662e-01 2.937106276749327893e+00
1.644088176352705433e-01 3.265337823185184174e+00
1.646893787575150481e-01 3.853447329723356685e+00
1.649699398797595251e-01 3.847898045340538253e+00
1.652505010020040299e-01 4.119532227093233523e+00
1.655310621242485070e-01 2.318379210796704726e+00
1.658116232464930118e-01 2.678602136473058781e+00
1.660921843687374888e-01 3.167450678019138266e+00
1.663727454909819936e-01 3.804845875900925822e+00
1.666533066132264707e-01 3.012843417437292892e+00
1.669338677354709755e-01 2.823465096015531639e+00
1.672144288577154525e-01 3.152119877168879647e+00
1.674949899799599295e-01 2.991311748043313123e+00
1.677755511022044344e-01 3.290338526061020730e+00
1.680561122244489114e-01 3.132105582164385282e+00
1.683366733466934162e-01 3.524062636804694115e+00
1.686172344689378932e-01 3.278629474657894338e+00
1.688977955911823980e-01 4.227793933404400128e+00
1.691783567134268751e-01 3.780209033422428533e+00
1.694589178356713521e-01 5.065582288977013015e+00
1.697394789579158569e-01 4.200454265976346413e+00
1.700200400801603340e-01 3.923957699582353964e+00
1.703006012024048388e-01 3.383111207603464621e+00
1.705811623246493158e-01 4.635206834407335386e+00
1.708617234468938206e-01 3.681643724179298971e+00
1.711422845691382977e-01 4.280201746373250238e+00
1.714228456913827747e-01 5.585909813986829064e+00
1.717034068136272795e-01 4.543292014756389996e+00
1.719839679358717566e-01 4.717322531695907095e+00
1.722645290581162614e-01 4.582081235031691513e+00
1.725450901803607384e-01 7.320210889165635670e+00
1.728256513026052432e-01 5.077737134402612540e+00
1.731062124248497203e-01 4.928498064487125241e+00
1.733867735470941973e-01 6.064690330517153782e+00
1.736673346693387021e-01 4.522492931605226474e+00
1.739478957915831792e-01 7.042640592333729188e+00
1.742284569138276840e-01 5.251659087888074673e+00
1.745090180360721610e-01 3.769874112394834942e+00
1.747895791583166658e-01 5.335559250994461600e+00
1.750701402805611429e-01 4.664464573118460855e+00
1.753507014028056199e-01 7.611890587118550044e+00
1.756312625250501247e-01 6.760346804067697946e+00
1.759118236472946017e-01 4.449640288231477392e+00
1.761923847695391065e-01 4.347166235765587139e+00
1.764729458917835836e-01 4.853385918372826957e+00
1.767535070140280884e-01 5.341580235611770533e+00
1.770340681362725654e-01 4.542759730970644227e+00
1.773146292585170425e-01 4.235705417872555500e+00
1.775951903807615473e-01 4.922561220194816123e+00
1.778757515030060243e-01 7.002035393446525369e+00
1.781563126252505291e-01 4.833971899338300737e+00
1.784368737474950062e-01 6.103519758380521409e+00
1.787174348697395110e-01 7.029363745904062100e+00
1.789979959919839880e-01 5.115891486005720523e+00
1.792785571142284651e-01 3.964953000596483257e+00
1.795591182364729699e-01 6.053525844375974962e+00
1.798396793587174469e-01 6.518453332355916174e+00
1.801202404809619517e-01 4.822507636237823192e+00
1.804008016032064288e-01 5.083956592267290020e+00
1.806813627254509336e-01 3.670070622071636812e+00
1.809619238476954106e-01 6.608230088332071261e+00
1.812424849699398877e-01 4.744884457752877260e+00
1.815230460921843925e-01 4.295867118060062495e+00
1.818036072144288695e-01 4.718252161779934895e+00
1.820841683366733743e-01 4.928405973585515021e+00
1.823647294589178514e-01 5.948897026449794012e+00
1.826452905811623562e-01 4.746163241072928862e+00
1.829258517034068332e-01 4.817798932316679661e+00
1.832064128256513102e-01 4.602557069685043523e+00
1.834869739478958151e-01 5.725913162617239927e+00
1.837675350701402921e-01 5.593737327811153293e+00
1.840480961923847969e-01 5.667515762547254532e+00
1.843286573146292739e-01 6.491116321300895109e+00
1.846092184368737787e-01 4.978448426122718651e+00
1.848897795591182558e-01 6.271637588131306451e+00
1.851703406813627328e-01 6.020539671773498469e+00
1.854509018036072376e-01 6.499195589180224886e+00
1.857314629258517147e-01 6.167081877221752606e+00
1.860120240480962195e-01 6.257493112234503663e+00
1.862925851703406965e-01 6.377840246329247620e+00
1.865731462925852013e-01 4.251493072309253662e+00
1.868537074148296784e-01 4.397793081463238885e+00
1.871342685370741554e-01 7.902257524007914924e+00
1.874148296593186602e-01 6.436700222441827712e+00
1.876953907815631650e-01 5.766201402863535108e+00
1.879759519038076421e-01 5.157252041431513945e+00
1.882565130260521191e-01 5.590798978229514660e+00
1.885370741482966239e-01 5.916794602746842990e+00
1.888176352705411010e-01 6.656728358935539269e+00
1.890981963927855780e-01 7.378604866175416888e+00
1.893787575150300828e-01 9.382150063413947194e+00
1.896593186372745876e-01 7.014238273984664040e+00
1.899398797595190647e-01 7.164565748147247781e+00
1.902204408817635417e-01 8.007490265195245982e+00
1.905010020040080465e-01 1.233835924906110115e+01
1.907815631262525236e-01 7.917015966267993754e+00
1.910621242484970006e-01 7.530812999885133863e+00
1.913426853707415054e-01 7.973868231622635250e+00
1.916232464929860102e-01 8.718917317584125470e+00
1.919038076152304872e-01 6.253883694889273315e+00
1.921843687374749643e-01 8.436575737953091902e+00
1.924649298597194691e-01 8.836487480251273396e+00
1.927454909819639461e-01 5.769077759977475850e+00
1.930260521042084232e-01 8.117792322317821885e+00
1.933066132264529280e-01 6.305889122915092848e+00
1.935871743486974328e-01 6.485035672911932281e+00
1.938677354709419098e-01 1.031474857341968487e+01
1.941482965931863869e-01 5.863491330305897975e+00
1.944288577154308917e-01 6.517746329629990676e+00
1.947094188376753687e-01 9.295451665975054567e+00
1.949899799599198458e-01 6.760187542975312880e+00
1.952705410821643506e-01 5.538356670446720642e+00
1.955511022044088554e-01 1.156420978846161240e+01
1.958316633266533324e-01 7.977151595231407377e+00
1.961122244488978095e-01 6.893116151625695132e+00
1.963927855711423143e-01 8.153870930575271458e+00
1.966733466933867913e-01 9.441592952671804539e+00
1.969539078156312684e-01 9.127550134202975229e+00
1.972344689378757732e-01 7.933150830588616920e+00
1.975150300601202780e-01 8.708513549568101197e+00
1.977955911823647550e-01 9.405692792466760821e+00
1.980761523046092321e-01 1.340458896248397558e+01
1.983567134268537369e-01 1.187629310512594394e+01
1.986372745490982139e-01 8.482103360835834494e+00
1.989178356713427187e-01 1.347813716070237966e+01
1.991983967935871958e-01 1.198893838077347418e+01
1.994789579158317006e-01 1.116295950277643279e+01
1.997595190380761776e-01 1.083550292837931295e+01
2.000400801603206546e-01 9.396968233504411572e+00
2.003206412825651594e-01 1.001127766558370524e+01
2.006012024048096365e-01 7.577507896394482856e+00
2.008817635270541413e-01 9.692033822402743581e+00
2.011623246492986183e-01 1.945589019918396545e+01
2.014428857715431231e-01 7.950409760185912944e+00
2.017234468937876002e-01 9.799117304251391047e+00
2.020040080160320772e-01 8.968045365789308221e+00
2.022845691382765820e-01 8.222011366501615015e+00
2.025651302605210868e-01 9.432363845076736197e+00
2.028456913827655361e-01 1.008431964318771712e+01
2.031262525050100409e-01 8.320662900731276679e+00
2.034068136272545457e-01 9.094882730506501645e+00
2.036873747494990228e-01 1.453585301608337410e+01
2.039679358717434998e-01 8.516022813299908734e+00
2.042484969939880046e-01 9.457374228995396592e+00
2.045290581162325094e-01 7.959654987185245112e+00
2.048096192384769587e-01 1.010246565533154595e+01
2.050901803607214635e-01 1.350461416211719978e+01
2.053707414829659683e-01 9.356513431767529809e+00
2.056513026052104454e-01 9.440772466650939165e+00
2.059318637274549224e-01 9.231513362341503992e+00
2.062124248496994272e-01 8.568501194456775494e+00
2.064929859719439320e-01 1.391591875144109025e+01
2.067735470941883813e-01 1.109654366003642778e+01
2.070541082164328861e-01 1.138247443155305128e+01
2.073346693386773909e-01 1.178661795620799424e+01
2.076152304609218679e-01 1.418281006648897069e+01
2.078957915831663450e-01 1.076938975332384274e+01
2.081763527054108498e-01 1.140090813079745402e+01
2.084569138276553546e-01 1.426893220513911587e+01
2.087374749498998316e-01 1.151297295886118199e+01
2.090180360721443087e-01 9.325293338745485272e+00
2.092985971943888135e-01 9.198658680861907300e+00
2.095791583166332905e-01 1.244237646751053283e+01
2.098597194388777676e-01 1.283041667728688573e+01
2.101402805611222724e-01 1.868682216971903287e+01
2.104208416833667772e-01 1.872194575034773933e+01
2.107014028056112542e-01 1.197175884371806198e+01
2.109819639278557313e-01 9.351720559525446674e+00
2.112625250501002361e-01 8.258327047973894608e+00
2.115430861723447131e-01 1.273057702516426026e+01
2.118236472945891902e-01 1.045001744211633721e+01
2.121042084168336950e-01 1.357884387124780545e+01
2.123847695390781998e-01 1.265824788886443564e+01
2.126653306613226768e-01 1.489626022157511009e+01
2.129458917835671539e-01 1.112491665985461786e+01
2.132264529058116587e-01 1.117005212853542417e+01
2.135070140280561357e-01 1.197143819669422804e+01
2.137875751503006128e-01 1.120920670095930483e+01
2.140681362725451176e-01 1.171080071671467770e+01
2.143486973947896224e-01 1.018389273547191642e+01
2.146292585170340994e-01 1.160396226261685548e+01
2.149098196392785765e-01 1.057968068358132463e+01
2.151903807615230813e-01 1.291596042291024382e+01
2.154709418837675583e-01 9.225180688266723550e+00
2.157515030060120353e-01 1.377676204989654529e+01
2.160320641282565401e-01 1.286535724630563848e+01
2.163126252505010449e-01 1.157172366752696036e+01
2.165931863727455220e-01 1.021790991465106480e+01
2.168737474949899990e-01 1.412087115939249671e+01
2.171543086172345038e-01 1.253439483706363688e+01
2.174348697394789809e-01 1.100601092712420659e+01
2.177154308617234579e-01 9.988818066375459992e+00
2.179959919839679627e-01 1.056585753766633040e+01
2.182765531062124675e-01 7.438208868538644936e+00
2.185571142284569446e-01 1.113741425116501915e+01
2.188376753507014216e-01 7.500128454828367985e+00
2.191182364729459264e-01 6.758146427720726379e+00
2.193987975951904035e-01 7.655886352604426293e+00
2.196793587174348805e-01 1.021262261778091585e+01
2.199599198396793853e-01 1.043666869526227359e+01
2.202404809619238901e-01 1.006013139930674249e+01
2.205210420841683672e-01 9.433262112702909263e+00
2.208016032064128442e-01 9.436944894334596157e+00
2.210821643286573490e-01 1.041106913020621150e+01
2.213627254509018261e-01 7.135812390855217124e+00
2.216432865731463031e-01 9.109699787827022277e+00
2.219238476953908079e-01 8.071746498353260080e+00
2.222044088176353127e-01 8.499069140043978621e+00
2.224849699398797898e-01 8.818185948180980560e+00
2.227655310621242668e-01 9.072765430017128097e+00
2.230460921843687716e-01 8.333189318525622724e+00
2.233266533066132487e-01 9.778815804642437826e+00
2.236072144288577257e-01 9.949082309396622747e+00
2.238877755511022305e-01 9.298234956551963748e+00
2.241683366733467353e-01 8.372432448559928631e+00
2.244488977955912123e-01 8.390209026868392428e+00
2.247294589178356894e-01 7.201596768738430576e+00
2.250100200400801942e-01 9.440680170319867059e+00
2.252905811623246712e-01 7.739288410836165255e+00
2.255711422845691483e-01 9.430392089430124969e+00
2.258517034068136531e-01 8.605658602402936452e+00
2.261322645290581579e-01 6.930287545086297740e+00
2.264128256513026349e-01 8.861090434151538631e+00
2.266933867735471120e-01 8.461080374286106931e+00
2.269739478957916168e-01 7.437386563768215275e+00
2.272545090180360938e-01 5.330130287453417992e+00
2.275350701402805709e-01 9.380338128155663924e+00
2.278156312625250757e-01 4.570110177010461960e+00
2.280961923847695805e-01 6.633897187135937124e+00
2.283767535070140575e-01 7.157806147342268943e+00
2.286573146292585346e-01 6.071759123099012001e+00
2.289378757515030394e-01 5.743198419713300140e+00
2.292184368737475442e-01 6.486059558071043618e+00
2.294989979959919935e-01 8.286463718851221572e+00
2.297795591182364983e-01 5.845550166797234937e+00
2.300601202404810031e-01 7.376967693594226994e+00
2.303406813627254801e-01 6.538293403175483576e+00
2.306212424849699572e-01 6.013903289286230525e+00
2.309018036072144620e-01 5.993393837001833369e+00
2.311823647294589668e-01 6.879177170420025966e+00
2.314629258517034160e-01 6.128033895039842527e+00
2.317434869739479208e-01 8.560423682594510808e+00
2.320240480961924256e-01 6.175434352284770334e+00
2.323046092184369027e-01 7.057122530500675950e+00
2.325851703406813797e-01 6.599305992894858086e+00
2.328657314629258845e-01 5.400902205028412340e+00
2.331462925851703893e-01 5.823049373030904974e+00
2.334268537074148386e-01 5.455781927099328854e+00
2.337074148296593434e-01 5.686384125144079427e+00
2.339879759519038482e-01 6.627173511440823006e+00
2.342685370741483253e-01 6.177431354836402377e+00
2.345490981963928023e-01 6.463358630525053883e+00
2.348296593186373071e-01 3.922427182015135294e+00
2.351102204408818119e-01 5.596322361883702357e+00
2.353907815631262890e-01 5.485802066800443022e+00
2.356713426853707660e-01 5.964280003875934710e+00
2.359519038076152708e-01 5.356133526955706436e+00
2.362324649298597479e-01 4.718526866336990366e+00
2.365130260521042249e-01 5.992758553014968292e+00
2.367935871743487297e-01 6.076628845611604213e+00
2.370741482965932345e-01 4.717074783172256147e+00
2.373547094188377116e-01 5.020336329114915230e+00
2.376352705410821886e-01 5.421396420629243096e+00
2.379158316633266934e-01 3.992690271307404171e+00
2.381963927855711705e-01 5.111210490939456896e+00
2.384769539078156475e-01 4.656708962304508148e+00
2.387575150300601523e-01 4.032701953575933196e+00
2.390380761523046571e-01 5.169328444491870123e+00
2.393186372745491342e-01 4.337807493505413170e+00
2.395991983967936112e-01 5.379395164363904414e+00
2.398797595190381160e-01 5.070256403220472663e+00
2.401603206412825930e-01 5.067792895386954655e+00
2.404408817635270701e-01 4.358193676469282352e+00
2.407214428857715749e-01 4.056418446350199325e+00
2.410020040080160797e-01 4.659003801091223806e+00
2.412825651302605567e-01 5.492681445712461752e+00
2.415631262525050338e-01 4.498635241539798102e+00
2.418436873747495386e-01 5.260949293600002186e+00
2.421242484969940156e-01 4.985340616814321280e+00
2.424048096192384927e-01 5.217838283951932610e+00
2.426853707414829975e-01 4.124297188462579200e+00
2.429659318637275023e-01 4.830691315096337313e+00
2.432464929859719793e-01 4.232709904157935021e+00
2.435270541082164564e-01 4.474415544146057577e+00
2.438076152304609612e-01 4.086567839067175356e+00
2.440881763527054382e-01 4.194508191055155599e+00
2.443687374749499153e-01 5.038824210450558283e+00
2.446492985971944201e-01 3.433404662112304884e+00
2.449298597194389249e-01 3.883436627902433713e+00
2.452104208416834019e-01 4.048032171274949853e+00
2.454909819639278790e-01 3.909943931181040444e+00
2.457715430861723838e-01 4.393416158488699708e+00
2.460521042084168608e-01 3.900225268262347722e+00
2.463326653306613379e-01 4.098883551879587195e+00
2.466132264529058427e-01 5.044602113341211336e+00
2.468937875751503475e-01 5.611465002976177452e+00
2.471743486973948245e-01 4.208519413977549029e+00
2.474549098196393015e-01 4.222893231505254974e+00
2.477354709418838064e-01 3.818183619210187896e+00
2.480160320641282834e-01 4.003844105835647760e+00
2.482965931863727604e-01 3.723048720107584586e+00
2.485771543086172652e-01 3.924925607960654705e+00
2.488577154308617700e-01 3.677647218613018687e+00
2.491382765531062471e-01 4.222433636206601726e+00
2.494188376753507241e-01 4.122068899191762448e+00
2.496993987975952289e-01 4.016451906872997135e+00
2.499799599198397060e-01 3.496673202748703968e+00
2.502605210420841830e-01 3.715515408715730938e+00
2.505410821643286878e-01 3.845528103985546675e+00
2.508216432865731926e-01 3.577050560488252984e+00
2.511022044088176974e-01 3.780427575667554940e+00
2.513827655310621467e-01 3.409284570411994952e+00
2.516633266533066515e-01 3.831511631413739849e+00
2.519438877755511008e-01 3.428600172076145203e+00
2.522244488977956056e-01 3.628335953165573891e+00
2.525050100200401104e-01 3.330187355844235420e+00
2.527855711422846152e-01 2.897970352637964098e+00
2.530661322645291200e-01 3.458902497613192129e+00
2.533466933867735693e-01 3.871107958815495298e+00
2.536272545090180741e-01 3.501737231013867024e+00
2.539078156312625234e-01 3.203828274106800489e+00
2.541883767535070282e-01 4.114537646855048969e+00
2.544689378757515330e-01 3.558918137311598784e+00
2.547494989979960378e-01 3.295726637434515549e+00
2.550300601202405426e-01 3.390412790100632012e+00
2.553106212424849919e-01 3.496981973795262988e+00
2.555911823647294967e-01 3.327933791466083591e+00
2.558717434869740015e-01 3.536195654651509646e+00
2.561523046092184508e-01 3.937474097696728403e+00
2.564328657314629556e-01 3.497783568224181128e+00
2.567134268537074604e-01 3.303856844394891468e+00
2.569939879759519652e-01 3.432952425745717573e+00
2.572745490981964145e-01 3.790479373053013301e+00
2.575551102204409193e-01 3.649773626175206509e+00
2.578356713426854241e-01 3.401401583110024163e+00
2.581162324649298734e-01 3.580784324279985498e+00
2.583967935871743782e-01 3.300859532708755761e+00
2.586773547094188830e-01 3.529877957391398979e+00
2.589579158316633878e-01 2.908505148390461148e+00
2.592384769539078371e-01 3.110049288793809819e+00
2.595190380761523419e-01 3.747455484732716169e+00
2.597995991983968467e-01 3.238961822502592458e+00
2.600801603206412960e-01 3.110571433720175083e+00
2.603607214428858008e-01 2.756671284126358312e+00
2.606412825651303056e-01 3.030390104922088934e+00
2.609218436873748104e-01 3.222199697295236476e+00
2.612024048096192597e-01 3.537487891684072405e+00
2.614829659318637645e-01 2.860621468443285575e+00
2.617635270541082693e-01 3.059243192216229534e+00
2.620440881763527186e-01 3.052103351800414366e+00
2.623246492985972234e-01 2.907492993100744716e+00
2.626052104208417282e-01 3.588684186578544377e+00
2.628857715430862330e-01 2.938886758833847868e+00
2.631663326653306823e-01 2.896204288660509718e+00
2.634468937875751871e-01 2.730381016111842918e+00
2.637274549098196919e-01 2.423879223860698762e+00
2.640080160320641411e-01 2.475952807670300793e+00
2.642885771543086459e-01 2.897813959533490191e+00
2.645691382765531507e-01 2.369920825292483713e+00
2.648496993987976555e-01 3.004657505375861071e+00
2.651302605210421603e-01 2.856410560963763778e+00
2.654108216432866096e-01 2.337172400937323147e+00
2.656913827655310589e-01 2.702799420196448921e+00
2.659719438877755637e-01 2.711335175092701277e+00
2.662525050100200685e-01 2.566452142487296584e+00
2.665330661322645733e-01 2.904301489629763644e+00
2.668136272545090781e-01 2.796836941450255409e+00
2.670941883767535829e-01 2.867598711112941068e+00
2.673747494989980322e-01 2.634681030636579990e+00
2.676553106212424815e-01 2.678003247655032393e+00
2.679358717434869863e-01 2.932851377629604350e+00
2.682164328657314911e-01 3.013128571448369097e+00
2.684969939879759959e-01 2.809316077098034992e+00
2.687775551102205007e-01 2.929870015150458862e+00
2.690581162324650055e-01 3.598855370701874890e+00
2.693386773547094548e-01 2.748156780197245741e+00
2.696192384769539041e-01 2.636828667009537774e+00
2.698997995991984089e-01 3.053659279823910389e+00
2.701803607214429137e-01 2.568144262185525495e+00
2.704609218436874185e-01 2.377263696666582327e+00
2.707414829659319233e-01 2.873905857669033281e+00
2.710220440881764281e-01 2.705249576956071156e+00
2.713026052104208774e-01 2.585157593946368682e+00
2.715831663326653267e-01 2.119294949591160382e+00
2.718637274549098315e-01 2.672118326653816656e+00
2.721442885771543363e-01 2.349799422397125248e+00
2.724248496993988411e-01 2.754353760882655155e+00
2.727054108216433459e-01 2.384571720786948568e+00
2.729859719438878507e-01 2.471981893753199433e+00
2.732665330661323000e-01 2.652961246853974053e+00
2.735470941883767493e-01 2.623279885302512771e+00
2.738276553106212541e-01 2.841481447969444130e+00
2.741082164328657589e-01 2.614707260669844491e+00
2.743887775551102637e-01 2.520561346975027206e+00
2.746693386773547685e-01 2.429432343203147493e+00
2.749498997995992733e-01 2.654406524240561449e+00
2.752304609218437226e-01 2.457164220450947401e+00
2.755110220440881719e-01 2.624646437606448224e+00
2.757915831663326767e-01 2.538212450833997824e+00
2.760721442885771815e-01 2.567929698002348715e+00
2.763527054108216863e-01 2.606317246200748006e+00
2.766332665330661911e-01 2.396279802947202331e+00
2.769138276553106959e-01 3.007571282412653257e+00
2.771943887775551452e-01 2.403707044921886915e+00
2.774749498997996500e-01 2.525796716662075170e+00
2.777555110220440993e-01 2.274969089906592412e+00
2.780360721442886041e-01 2.172291038425907761e+00
2.783166332665331089e-01 2.430778693335033047e+00
2.785971943887776137e-01 2.222780052786295535e+00
2.788777555110221185e-01 2.873463936361681625e+00
2.791583166332665678e-01 2.357941341275821667e+00
2.794388777555110726e-01 2.850610760458139659e+00
2.797194388777555218e-01 2.425828406496797207e+00
2.800000000000000266e-01 2.400599505333011141e+00
