lambda suscetibilidade
1.400000000000000133e-01 2.402849436874965772e+00
1.402805611222444904e-01 1.931672948417929359e+00
1.405611222444889952e-01 2.561697844680956404e+00
1.408416833667334722e-01 2.684953790330763645e+00
1.411222444889779770e-01 2.305393920435063748e+00
1.414028056112224541e-01 2.200578033597287320e+00
1.416833667334669589e-01 2.242448486058790103e+00
1.419639278557114359e-01 2.439619948888065881e+00
1.422444889779559130e-01 2.883938939989226125e+00
1.425250501002004178e-01 2.498569470106071666e+00
1.428056112224448948e-01 2.404605556545509781e+00
1.430861723446893996e-01 2.619643437746342229e+00
1.433667334669338767e-01 2.447444465761934751e+00
1.436472945891783815e-01 2.278447523264526708e+00
1.439278557114228585e-01 2.652243351310493047e+00
1.442084168336673355e-01 2.408657554147929591e+00
1.444889779559118403e-01 2.544796129061151380e+00
1.447695390781563174e-01 2.811168135512876809e+00
1.450501002004008222e-01 2.535994495980681052e+00
1.453306613226452992e-01 2.736765432912731999e+00
1.456112224448898040e-01 3.379825242241364602e+00
1.458917835671342811e-01 2.955418826456561288e+00
1.461723446893787859e-01 2.175957028712200092e+00
1.464529058116232629e-01 3.316373669517247880e+00
1.467334669338677400e-01 2.288945686766545418e+00
1.470140280561122448e-01 2.656282076241844869e+00
1.472945891783567218e-01 1.939181237261696999e+00
1.475751503006012266e-01 2.480095108032970508e+00
1.478557114228457037e-01 2.731193336936767579e+00
1.481362725450902085e-01 2.439477490639802237e+00
1.484168336673346855e-01 2.902387882336751268e+00
1.486973947895791626e-01 3.414487446321423647e+00
1.489779559118236674e-01 2.530291264819178210e+00
1.492585170340681444e-01 2.669391001972119870e+00
1.495390781563126492e-01 2.373955102179363230e+00
1.498196392785571263e-01 2.258681084887650847e+00
1.501002004008016311e-01 2.622844822161507494e+00
1.503807615230461081e-01 2.828358371225514922e+00
1.506613226452905852e-01 3.231515841147700296e+00
1.509418837675350900e-01 3.292251648787460017e+00
1.512224448897795670e-01 3.714340608829886925e+00
1.515030060120240718e-01 2.740953144312731293e+00
1.517835671342685488e-01 3.355708474147741871e+00
1.520641282565130536e-01 2.607737149705089408e+00
1.523446893787575307e-01 3.827572930905378090e+00
1.526252505010020077e-01 2.131845741861975174e+00
1.529058116232465125e-01 2.344504021832188645e+00
1.531863727454909896e-01 2.550053178215631267e+00
1.534669338677354944e-01 2.172410823654038925e+00
1.537474949899799714e-01 2.460962654044160924e+00
1.540280561122244762e-01 2.510696305325441635e+00
1.543086172344689533e-01 2.227467085396786839e+00
1.545891783567134303e-01 2.352483511356989077e+00
1.548697394789579351e-01 3.381887141705684829e+00
1.551503006012024122e-01 2.880006876818614447e+00
1.554308617234469170e-01 2.354682560127952407e+00
1.557114228456913940e-01 2.270698724817532987e+00
1.559919839679358988e-01 2.507952177094535884e+00
1.562725450901803759e-01 2.627775724186286688e+00
1.565531062124248529e-01 2.957891519598093488e+00
1.568336673346693577e-01 2.858585691100856252e+00
1.571142284569138348e-01 2.959941304921597904e+00
1.573947895791583396e-01 2.711444057445614231e+00
1.576753507014028166e-01 3.356474806739978778e+00
1.579559118236473214e-01 2.660527013650680228e+00
1.582364729458917985e-01 2.499431040134101334e+00
1.585170340681362755e-01 3.796011784835793268e+00
1.587975951903807803e-01 2.818032859564009396e+00
1.590781563126252574e-01 3.106180608095278295e+00
1.593587174348697622e-01 3.022830690911233464e+00
1.596392785571142392e-01 3.341366148782786816e+00
1.599198396793587440e-01 4.618172614661554043e+00
1.602004008016032210e-01 6.838274724958797179e+00
1.604809619238476981e-01 5.771041979188443527e+00
1.607615230460922029e-01 5.438900494737619162e+00
1.610420841683366799e-01 5.382593690003709241e+00
1.613226452905811847e-01 8.154165112475878274e+00
1.616032064128256618e-01 6.588186220670450233e+00
1.618837675350701666e-01 4.772238534143918187e+00
1.621643286573146436e-01 3.187241020666683688e+00
1.624448897795591207e-01 4.588363447218288371e+00
1.627254509018036255e-01 5.126081461405315842e+00
1.630060120240481025e-01 3.536130039110047196e+00
1.632865731462926073e-01 3.287723146418798148e+00
1.635671342685370844e-01 3.120689884881646670e+00
1.638476953907815892e-01 2.865850320712900690e+00
1.641282565130260662e-01 6.769115348275732025e+00
1.644088176352705433e-01 3.295265995259486047e+00
1.646893787575150481e-01 6.312719014077832647e+00
1.649699398797595251e-01 7.742018529932534143e+00
1.652505010020040299e-01 8.737406506979132459e+00
1.655310621242485070e-01 5.457761618153948113e+00
1.658116232464930118e-01 6.090082803449857529e+00
1.660921843687374888e-01 8.305891623387337219e+00
1.663727454909819936e-01 7.622211022715823070e+00
1.666533066132264707e-01 5.985582093871975928e+00
1.669338677354709755e-01 9.230248124583836145e+00
1.672144288577154525e-01 1.100364380761444139e+01
1.674949899799599295e-01 7.296220707873197320e+00
1.677755511022044344e-01 9.046803692246836448e+00
1.680561122244489114e-01 5.154306853441757319e+00
1.683366733466934162e-01 5.628965873655353391e+00
1.686172344689378932e-01 4.738159264194218068e+00
1.688977955911823980e-01 5.426625638755577796e+00
1.691783567134268751e-01 3.569630678970229898e+00
1.694589178356713521e-01 4.995693251679542257e+00
1.697394789579158569e-01 4.876569977770944142e+00
1.700200400801603340e-01 5.497901057355591981e+00
1.703006012024048388e-01 7.264089917716752609e+00
1.705811623246493158e-01 5.936858029214040045e+00
1.708617234468938206e-01 4.786286971878698893e+00
1.711422845691382977e-01 4.705599699955469895e+00
1.714228456913827747e-01 4.159294021153515430e+00
1.717034068136272795e-01 4.168547967205057603e+00
1.719839679358717566e-01 4.391170894368763733e+00
1.722645290581162614e-01 3.952353389390838689e+00
1.725450901803607384e-01 4.312054326370340362e+00
1.728256513026052432e-01 5.037733898272834132e+00
1.731062124248497203e-01 3.825698175435676252e+00
1.733867735470941973e-01 5.493590948977201904e+00
1.736673346693387021e-01 3.783946056678302305e+00
1.739478957915831792e-01 3.608729761631215283e+00
1.742284569138276840e-01 4.012574686390659728e+00
1.745090180360721610e-01 3.872169776597741642e+00
1.747895791583166658e-01 3.554850193132805369e+00
1.750701402805611429e-01 4.816356365416400109e+00
1.753507014028056199e-01 4.290439361676528840e+00
1.756312625250501247e-01 4.663104786184821826e+00
1.759118236472946017e-01 4.379030800194867012e+00
1.761923847695391065e-01 5.151032040845135995e+00
1.764729458917835836e-01 5.101329531657237126e+00
1.767535070140280884e-01 6.575092349430821770e+00
1.770340681362725654e-01 4.642714269408459771e+00
1.773146292585170425e-01 6.109986828048466379e+00
1.775951903807615473e-01 5.275684907391928746e+00
1.778757515030060243e-01 4.296735417913521538e+00
1.781563126252505291e-01 6.963832831938907120e+00
1.784368737474950062e-01 4.014998218171568212e+00
1.787174348697395110e-01 6.341354729282767444e+00
1.789979959919839880e-01 5.079447541557279955e+00
1.792785571142284651e-01 3.969986019269488242e+00
1.795591182364729699e-01 6.336921541525528667e+00
1.798396793587174469e-01 4.776168865542928188e+00
1.801202404809619517e-01 6.299734774705238571e+00
1.804008016032064288e-01 5.650628291525821467e+00
1.806813627254509336e-01 5.804539381320651614e+00
1.809619238476954106e-01 4.108794945393219322e+00
1.812424849699398877e-01 3.651425762294985500e+00
1.815230460921843925e-01 6.263246008617026739e+00
1.818036072144288695e-01 4.044726185059158929e+00
1.820841683366733743e-01 4.764743023273289246e+00
1.823647294589178514e-01 5.264305625989759818e+00
1.826452905811623562e-01 4.366791833219317631e+00
1.829258517034068332e-01 5.943097464088363147e+00
1.832064128256513102e-01 7.774010445393928492e+00
1.834869739478958151e-01 4.670521649347584514e+00
1.837675350701402921e-01 7.033900147262929892e+00
1.840480961923847969e-01 6.282663220071383670e+00
1.843286573146292739e-01 8.530238031535956722e+00
1.846092184368737787e-01 6.006668110128117632e+00
1.848897795591182558e-01 6.159010412394433587e+00
1.851703406813627328e-01 5.667885465408240897e+00
1.854509018036072376e-01 4.333327831697796562e+00
1.857314629258517147e-01 6.022527134808590255e+00
1.860120240480962195e-01 4.565279424549287590e+00
1.862925851703406965e-01 7.316869994600208038e+00
1.865731462925852013e-01 4.469552038439220887e+00
1.868537074148296784e-01 3.563701021573893790e+00
1.871342685370741554e-01 3.405669665882030461e+00
1.874148296593186602e-01 3.950492968984594455e+00
1.876953907815631650e-01 5.873649920624620435e+00
1.879759519038076421e-01 3.447085735030748666e+00
1.882565130260521191e-01 6.595117972576700183e+00
1.885370741482966239e-01 6.197887593746777668e+00
1.888176352705411010e-01 5.761462802985945153e+00
1.890981963927855780e-01 6.954054075538544488e+00
1.893787575150300828e-01 4.052781436774782975e+00
1.896593186372745876e-01 4.980224268683262068e+00
1.899398797595190647e-01 8.180323783144192618e+00
1.902204408817635417e-01 6.532401443157549892e+00
1.905010020040080465e-01 4.925151373782766129e+00
1.907815631262525236e-01 5.142875944717699710e+00
1.910621242484970006e-01 1.151660430019930814e+01
1.913426853707415054e-01 7.857234716757096393e+00
1.916232464929860102e-01 6.230223276811252653e+00
1.919038076152304872e-01 8.446499387794409230e+00
1.921843687374749643e-01 4.885578770379941815e+00
1.924649298597194691e-01 6.287473918344641532e+00
1.927454909819639461e-01 5.730717604666920373e+00
1.930260521042084232e-01 8.051102562232536286e+00
1.933066132264529280e-01 7.131776195584662581e+00
1.935871743486974328e-01 6.399001702590341623e+00
1.938677354709419098e-01 5.069677728348355394e+00
1.941482965931863869e-01 6.544853726605748712e+00
1.944288577154308917e-01 1.297124431475362094e+01
1.947094188376753687e-01 6.176952422255268971e+00
1.949899799599198458e-01 5.420317679824305124e+00
1.952705410821643506e-01 8.993031593735679508e+00
1.955511022044088554e-01 8.239217098247024751e+00
1.958316633266533324e-01 7.829094497372320660e+00
1.961122244488978095e-01 7.465228064384962003e+00
1.963927855711423143e-01 8.882430087685701636e+00
1.966733466933867913e-01 1.064894724274919113e+01
1.969539078156312684e-01 7.440600933454407873e+00
1.972344689378757732e-01 7.122968653544734963e+00
1.975150300601202780e-01 1.151397347516846104e+01
1.977955911823647550e-01 1.365858735589857353e+01
1.980761523046092321e-01 9.079691363344617017e+00
1.983567134268537369e-01 6.375125231208649268e+00
1.986372745490982139e-01 9.126593964695132399e+00
1.989178356713427187e-01 6.817210343203427669e+00
1.991983967935871958e-01 8.248980988768890299e+00
1.994789579158317006e-01 1.028217614339422603e+01
1.997595190380761776e-01 6.061307356678566016e+00
2.000400801603206546e-01 1.260289915375774505e+01
2.003206412825651594e-01 1.320170079912254479e+01
2.006012024048096365e-01 1.473921312935740424e+01
2.008817635270541413e-01 1.682709774348759879e+01
2.011623246492986183e-01 6.245139986003124477e+00
2.014428857715431231e-01 1.141907353100558531e+01
2.017234468937876002e-01 1.016949412703764466e+01
2.020040080160320772e-01 8.903491918627265633e+00
2.022845691382765820e-01 1.692605265196630882e+01
2.025651302605210868e-01 8.945609427099389777e+00
2.028456913827655361e-01 1.042279782392862941e+01
2.031262525050100409e-01 1.084983454893003874e+01
2.034068136272545457e-01 1.357367991725669221e+01
2.036873747494990228e-01 8.944196491893356082e+00
2.039679358717434998e-01 1.024199290905803217e+01
2.042484969939880046e-01 9.080899626656661283e+00
2.045290581162325094e-01 9.804749993883294934e+00
2.048096192384769587e-01 1.008987911277059446e+01
2.050901803607214635e-01 9.794195465456096983e+00
2.053707414829659683e-01 1.010677632961125028e+01
2.056513026052104454e-01 1.091585587068838059e+01
2.059318637274549224e-01 1.167333388854812881e+01
2.062124248496994272e-01 8.885841052716804356e+00
2.064929859719439320e-01 1.056539697846133663e+01
2.067735470941883813e-01 1.539513351360112381e+01
2.070541082164328861e-01 1.008537305736122747e+01
2.073346693386773909e-01 1.241259881199381709e+01
2.076152304609218679e-01 1.969792634165451872e+01
2.078957915831663450e-01 1.156462777389578456e+01
2.081763527054108498e-01 1.207555653621694525e+01
2.084569138276553546e-01 9.300554986025435511e+00
2.087374749498998316e-01 1.241973802948223238e+01
2.090180360721443087e-01 1.001452676748556136e+01
2.092985971943888135e-01 8.256589577160921678e+00
2.095791583166332905e-01 1.163275165768545527e+01
2.098597194388777676e-01 1.811465724372460429e+01
2.101402805611222724e-01 1.243397009073286696e+01
2.104208416833667772e-01 1.317589813427474965e+01
2.107014028056112542e-01 1.143406874918484206e+01
2.109819639278557313e-01 1.472916215478500668e+01
2.112625250501002361e-01 1.129161326716853786e+01
2.115430861723447131e-01 1.017769196424336720e+01
2.118236472945891902e-01 1.265671525915476359e+01
2.121042084168336950e-01 1.310971477787910899e+01
2.123847695390781998e-01 1.336119069600177234e+01
2.126653306613226768e-01 9.393093593577841460e+00
2.129458917835671539e-01 1.104129442689889018e+01
2.132264529058116587e-01 9.082594623527374011e+00
2.135070140280561357e-01 1.077341979750093515e+01
2.137875751503006128e-01 1.088424770410951581e+01
2.140681362725451176e-01 1.383236316235772811e+01
2.143486973947896224e-01 8.538999262819841007e+00
2.146292585170340994e-01 1.160063594625106731e+01
2.149098196392785765e-01 1.290509556173730488e+01
2.151903807615230813e-01 9.449676584815099645e+00
2.154709418837675583e-01 1.298185579551616797e+01
2.157515030060120353e-01 1.271686729419923978e+01
2.160320641282565401e-01 1.148038921596508111e+01
2.163126252505010449e-01 9.483425905283265678e+00
2.165931863727455220e-01 1.037882983653721070e+01
2.168737474949899990e-01 1.098317326955048223e+01
2.171543086172345038e-01 1.253945910155394650e+01
2.174348697394789809e-01 1.514363064899247391e+01
2.177154308617234579e-01 7.731673319862021110e+00
2.179959919839679627e-01 9.152340508283272058e+00
2.182765531062124675e-01 9.704925833980906802e+00
2.185571142284569446e-01 8.396872409411448857e+00
2.188376753507014216e-01 1.101375282085248308e+01
2.191182364729459264e-01 9.659015156709804373e+00
2.193987975951904035e-01 8.983516543901224338e+00
2.196793587174348805e-01 1.083481869843882883e+01
2.199599198396793853e-01 7.704195129666931763e+00
2.202404809619238901e-01 7.999715653558182815e+00
2.205210420841683672e-01 9.072677243882868225e+00
2.208016032064128442e-01 1.151108398425844825e+01
2.210821643286573490e-01 8.381865828333776136e+00
2.213627254509018261e-01 8.129836419526752067e+00
2.216432865731463031e-01 8.229941937490545811e+00
2.219238476953908079e-01 9.769034370174502158e+00
2.222044088176353127e-01 7.519869600072818017e+00
2.224849699398797898e-01 7.742303670167522078e+00
2.227655310621242668e-01 9.772930604161174983e+00
2.230460921843687716e-01 9.594076325037358188e+00
2.233266533066132487e-01 8.129142377708870271e+00
2.236072144288577257e-01 7.747416522182994036e+00
2.238877755511022305e-01 7.419732819214741149e+00
2.241683366733467353e-01 8.207528411336362240e+00
2.244488977955912123e-01 6.004800186244925619e+00
2.247294589178356894e-01 7.312510901667830687e+00
2.250100200400801942e-01 6.501008953809817470e+00
2.252905811623246712e-01 8.603265647101920877e+00
2.255711422845691483e-01 6.665987860918537677e+00
2.258517034068136531e-01 1.014406262883202814e+01
2.261322645290581579e-01 7.970960504283222114e+00
2.264128256513026349e-01 7.709717484506683149e+00
2.266933867735471120e-01 5.036715538056701469e+00
2.269739478957916168e-01 6.456456547692763337e+00
2.272545090180360938e-01 6.892330424695068736e+00
2.275350701402805709e-01 9.991282125275983361e+00
2.278156312625250757e-01 6.264137251642171833e+00
2.280961923847695805e-01 6.948102785679798110e+00
2.283767535070140575e-01 5.354414835912814752e+00
2.286573146292585346e-01 7.780087236094422209e+00
2.289378757515030394e-01 6.288405277829354212e+00
2.292184368737475442e-01 7.106769337101687789e+00
2.294989979959919935e-01 6.342643493696529688e+00
2.297795591182364983e-01 5.649351985514067032e+00
2.300601202404810031e-01 6.216713313384691020e+00
2.303406813627254801e-01 6.839194969945779690e+00
2.306212424849699572e-01 5.850233490474074927e+00
2.309018036072144620e-01 7.276369238404125639e+00
2.311823647294589668e-01 7.781712470052264408e+00
2.314629258517034160e-01 5.107746971731479846e+00
2.317434869739479208e-01 6.980877194747098891e+00
2.320240480961924256e-01 5.441292832431587456e+00
2.323046092184369027e-01 6.184421768196400215e+00
2.325851703406813797e-01 6.560758455731972916e+00
2.328657314629258845e-01 6.022429833844921809e+00
2.331462925851703893e-01 6.377259743885117516e+00
2.334268537074148386e-01 6.714844766209539628e+00
2.337074148296593434e-01 5.225079216336532717e+00
2.339879759519038482e-01 6.606528810711389532e+00
2.342685370741483253e-01 5.727117767133687032e+00
2.345490981963928023e-01 5.740326709439416142e+00
2.348296593186373071e-01 4.592317002929942937e+00
2.351102204408818119e-01 5.143088731941446667e+00
2.353907815631262890e-01 7.225078530534175592e+00
2.356713426853707660e-01 6.239316014199914662e+00
2.359519038076152708e-01 5.386372389071448552e+00
2.362324649298597479e-01 6.238635328112635214e+00
2.365130260521042249e-01 6.013115142918172396e+00
2.367935871743487297e-01 5.818866655182621805e+00
2.370741482965932345e-01 5.380599497778978169e+00
2.373547094188377116e-01 5.036310167105204627e+00
2.376352705410821886e-01 5.519904990852871229e+00
2.379158316633266934e-01 4.520015696151129525e+00
2.381963927855711705e-01 5.911020525428698491e+00
2.384769539078156475e-01 4.305420454189857082e+00
2.387575150300601523e-01 6.015342370180165155e+00
2.390380761523046571e-01 4.679694774142236113e+00
2.393186372745491342e-01 3.916884277966134142e+00
2.395991983967936112e-01 4.764245894888805566e+00
2.398797595190381160e-01 4.447630024100978297e+00
2.401603206412825930e-01 6.288975006198623596e+00
2.404408817635270701e-01 3.946963241388949495e+00
2.407214428857715749e-01 4.329046493698844422e+00
2.410020040080160797e-01 4.725423767989521906e+00
2.412825651302605567e-01 4.791289580026152350e+00
2.415631262525050338e-01 3.981293912896137766e+00
2.418436873747495386e-01 5.365594099886304313e+00
2.421242484969940156e-01 4.654497070837917860e+00
2.424048096192384927e-01 4.468551207681841220e+00
2.426853707414829975e-01 3.804719858855258430e+00
2.429659318637275023e-01 4.201457627314526100e+00
2.432464929859719793e-01 4.631887162994485330e+00
2.435270541082164564e-01 4.110069638147362703e+00
2.438076152304609612e-01 4.408297653683791673e+00
2.440881763527054382e-01 4.093905955381554662e+00
2.443687374749499153e-01 4.632864501242459632e+00
2.446492985971944201e-01 3.704511591119586722e+00
2.449298597194389249e-01 4.257454207307687533e+00
2.452104208416834019e-01 3.684439678174605159e+00
2.454909819639278790e-01 3.916173106766141832e+00
2.457715430861723838e-01 4.864428665982314826e+00
2.460521042084168608e-01 3.975707284788658313e+00
2.463326653306613379e-01 4.098619347688229553e+00
2.466132264529058427e-01 4.722686581187319987e+00
2.468937875751503475e-01 4.071148201732767369e+00
2.471743486973948245e-01 3.728099430179853790e+00
2.474549098196393015e-01 4.355141265925489336e+00
2.477354709418838064e-01 4.408030493451367882e+00
2.480160320641282834e-01 3.986844950642598473e+00
2.482965931863727604e-01 4.060116584644476667e+00
2.485771543086172652e-01 3.496843293219596749e+00
2.488577154308617700e-01 4.474466160176272744e+00
2.491382765531062471e-01 3.385887721508949788e+00
2.494188376753507241e-01 3.390254664447531763e+00
2.496993987975952289e-01 3.877340909834599447e+00
2.499799599198397060e-01 3.632451712246689723e+00
2.502605210420841830e-01 3.978572294513225138e+00
2.505410821643286878e-01 3.872406218034652792e+00
2.508216432865731926e-01 4.077762640747446987e+00
2.511022044088176974e-01 3.784721211565696297e+00
2.513827655310621467e-01 3.232736390545180694e+00
2.516633266533066515e-01 3.714848287959354955e+00
2.519438877755511008e-01 3.321037794160147882e+00
2.522244488977956056e-01 4.105541674590676315e+00
2.525050100200401104e-01 3.622663817246520868e+00
2.527855711422846152e-01 3.166385977289229547e+00
2.530661322645291200e-01 3.991922604135674568e+00
2.533466933867735693e-01 3.375262237805791710e+00
2.536272545090180741e-01 3.271498286473429662e+00
2.539078156312625234e-01 3.401707358168538864e+00
2.541883767535070282e-01 3.142264912816153277e+00
2.544689378757515330e-01 3.125128943234278811e+00
2.547494989979960378e-01 3.235480289303413581e+00
2.550300601202405426e-01 3.328450335291717188e+00
2.553106212424849919e-01 3.277374533159755465e+00
2.555911823647294967e-01 3.287946884339784326e+00
2.558717434869740015e-01 3.456562600979985689e+00
2.561523046092184508e-01 3.288552781648930168e+00
2.564328657314629556e-01 3.571158650297288517e+00
2.567134268537074604e-01 3.492239239978955467e+00
2.569939879759519652e-01 3.507358921184962952e+00
2.572745490981964145e-01 3.343502915906764184e+00
2.575551102204409193e-01 2.965744763176184851e+00
2.578356713426854241e-01 3.080551333648620549e+00
2.581162324649298734e-01 3.239122938330731394e+00
2.583967935871743782e-01 3.521649928609340119e+00
2.586773547094188830e-01 3.491606466574667778e+00
2.589579158316633878e-01 3.105123817229872518e+00
2.592384769539078371e-01 3.252656592207793018e+00
2.595190380761523419e-01 3.344189387157759263e+00
2.597995991983968467e-01 2.972784180222047823e+00
2.600801603206412960e-01 3.340969195504868594e+00
2.603607214428858008e-01 2.716473177355851476e+00
2.606412825651303056e-01 3.305964933755153101e+00
2.609218436873748104e-01 3.089104751339732058e+00
2.612024048096192597e-01 2.649732115239824104e+00
2.614829659318637645e-01 2.429685524519991979e+00
2.617635270541082693e-01 2.919084793134298916e+00
2.620440881763527186e-01 2.975959063837280372e+00
2.623246492985972234e-01 2.534637608155083210e+00
2.626052104208417282e-01 3.012844733556174326e+00
2.628857715430862330e-01 3.653415238491850570e+00
2.631663326653306823e-01 2.514098734976291993e+00
2.634468937875751871e-01 2.715456090400851341e+00
2.637274549098196919e-01 3.347364418450103241e+00
2.640080160320641411e-01 2.638765007028371468e+00
2.642885771543086459e-01 3.391016452872276599e+00
2.645691382765531507e-01 2.901383018899600597e+00
2.648496993987976555e-01 2.541186872237895855e+00
2.651302605210421603e-01 2.727206871371897989e+00
2.654108216432866096e-01 2.657362223831338799e+00
2.656913827655310589e-01 3.148708233836777115e+00
2.659719438877755637e-01 2.580650212903124352e+00
2.662525050100200685e-01 2.845077061528203721e+00
2.665330661322645733e-01 3.036150876733081816e+00
2.668136272545090781e-01 2.606004739955783300e+00
2.670941883767535829e-01 3.104769514475047121e+00
2.673747494989980322e-01 2.991722929067524017e+00
2.676553106212424815e-01 2.462468543778199237e+00
2.679358717434869863e-01 2.416485271011933555e+00
2.682164328657314911e-01 2.159376537956742226e+00
2.684969939879759959e-01 2.753668780159538976e+00
2.687775551102205007e-01 2.389666314044371465e+00
2.690581162324650055e-01 2.595101719313123390e+00
2.693386773547094548e-01 2.741536992435856579e+00
2.696192384769539041e-01 2.231795177095605709e+00
2.698997995991984089e-01 3.007474682076162864e+00
2.701803607214429137e-01 2.574111275162549450e+00
2.704609218436874185e-01 2.706007918453563033e+00
2.707414829659319233e-01 2.572454731463960975e+00
2.710220440881764281e-01 2.816509385978504643e+00
2.713026052104208774e-01 2.700367140100625729e+00
2.715831663326653267e-01 2.547294078235902148e+00
2.718637274549098315e-01 2.465003899130456588e+00
2.721442885771543363e-01 2.734090491142986412e+00
2.724248496993988411e-01 2.329932774247546412e+00
2.727054108216433459e-01 2.486254688268553892e+00
2.729859719438878507e-01 2.579767992510125563e+00
2.732665330661323000e-01 2.330742979892272082e+00
2.735470941883767493e-01 2.266834021251082909e+00
2.738276553106212541e-01 2.517894292570839188e+00
2.741082164328657589e-01 2.544999344773545946e+00
2.743887775551102637e-01 2.505151481085817089e+00
2.746693386773547685e-01 2.524713751625983438e+00
2.749498997995992733e-01 2.623543563039405946e+00
2.752304609218437226e-01 2.079978583752083221e+00
2.755110220440881719e-01 2.500179307414192031e+00
2.757915831663326767e-01 2.513857608810894373e+00
2.760721442885771815e-01 2.442918622690017028e+00
2.763527054108216863e-01 2.314274513266639577e+00
2.766332665330661911e-01 2.386685488342911832e+00
2.769138276553106959e-01 2.371662762016133907e+00
2.771943887775551452e-01 2.351937749389639176e+00
2.774749498997996500e-01 2.571463852670632377e+00
2.777555110220440993e-01 2.409039652140904764e+00
2.780360721442886041e-01 2.542520028410359956e+00
2.783166332665331089e-01 2.525307768162190047e+00
2.785971943887776137e-01 2.507498949695784241e+00
2.788777555110221185e-01 2.391931135213086534e+00
2.791583166332665678e-01 2.434336158693520602e+00
2.794388777555110726e-01 2.355785487910579512e+00
2.797194388777555218e-01 2.216489793570705302e+00
2.800000000000000266e-01 2.312580856598838164e+00
