lambda suscetibilidade
1.400000000000000133e-01 2.088560022823639617e+00
1.402805611222444904e-01 2.398325744992341413e+00
1.405611222444889952e-01 2.280275419463153597e+00
1.408416833667334722e-01 2.490457897942552012e+00
1.411222444889779770e-01 2.304950589541141959e+00
1.414028056112224541e-01 2.214035420171075241e+00
1.416833667334669589e-01 2.293861290562863697e+00
1.419639278557114359e-01 2.492906758623324670e+00
1.422444889779559130e-01 2.354878229320733762e+00
1.425250501002004178e-01 2.155619492930751502e+00
1.428056112224448948e-01 2.210756518574524598e+00
1.430861723446893996e-01 2.569523292998948882e+00
1.433667334669338767e-01 2.422710246326327699e+00
1.436472945891783815e-01 2.427954821277084729e+00
1.439278557114228585e-01 2.592053282077206422e+00
1.442084168336673355e-01 3.149148689501046761e+00
1.444889779559118403e-01 2.280988773190268493e+00
1.447695390781563174e-01 2.734826174053002656e+00
1.450501002004008222e-01 2.722723586984397315e+00
1.453306613226452992e-01 2.973013497590554888e+00
1.456112224448898040e-01 2.546637400363418902e+00
1.458917835671342811e-01 2.961856018927618184e+00
1.461723446893787859e-01 3.073112630367622611e+00
1.464529058116232629e-01 2.368766014185218705e+00
1.467334669338677400e-01 3.208334668156852310e+00
1.470140280561122448e-01 2.990198754337621168e+00
1.472945891783567218e-01 2.708580604698623162e+00
1.475751503006012266e-01 3.611540091469302993e+00
1.478557114228457037e-01 2.738618043416395142e+00
1.481362725450902085e-01 2.842866264152767553e+00
1.484168336673346855e-01 3.445167320659956456e+00
1.486973947895791626e-01 3.380541279042267533e+00
1.489779559118236674e-01 3.061314286453510114e+00
1.492585170340681444e-01 4.156643060935336642e+00
1.495390781563126492e-01 3.504168610973063203e+00
1.498196392785571263e-01 2.582506894460579350e+00
1.501002004008016311e-01 2.270272567978937950e+00
1.503807615230461081e-01 2.385015271307219020e+00
1.506613226452905852e-01 2.970307080447417203e+00
1.509418837675350900e-01 3.119692429695219094e+00
1.512224448897795670e-01 3.156869040983840691e+00
1.515030060120240718e-01 3.303438518482380015e+00
1.517835671342685488e-01 3.697326110372756602e+00
1.520641282565130536e-01 3.664734089915692383e+00
1.523446893787575307e-01 3.024070564453766430e+00
1.526252505010020077e-01 2.288266714246317779e+00
1.529058116232465125e-01 2.994333678509538466e+00
1.531863727454909896e-01 3.521249734694546607e+00
1.534669338677354944e-01 2.873118363118948082e+00
1.537474949899799714e-01 3.333136031255733212e+00
1.540280561122244762e-01 3.250466797754939741e+00
1.543086172344689533e-01 2.614804053444820475e+00
1.545891783567134303e-01 2.471848154745093229e+00
1.548697394789579351e-01 4.468711339893014056e+00
1.551503006012024122e-01 2.925111019634647036e+00
1.554308617234469170e-01 2.896145541019783387e+00
1.557114228456913940e-01 3.257146779912553747e+00
1.559919839679358988e-01 2.459320955571751899e+00
1.562725450901803759e-01 3.495539800946033004e+00
1.565531062124248529e-01 3.303387415269845917e+00
1.568336673346693577e-01 2.490472589642315437e+00
1.571142284569138348e-01 3.203160829992144798e+00
1.573947895791583396e-01 3.154330198713774180e+00
1.576753507014028166e-01 2.945125805101181715e+00
1.579559118236473214e-01 3.512257436186962067e+00
1.582364729458917985e-01 3.006181059689990498e+00
1.585170340681362755e-01 2.881201779816932262e+00
1.587975951903807803e-01 3.419337703475310075e+00
1.590781563126252574e-01 3.956319960148687365e+00
1.593587174348697622e-01 2.834127051718186685e+00
1.596392785571142392e-01 2.839463872832725944e+00
1.599198396793587440e-01 4.521661505269853443e+00
1.602004008016032210e-01 3.701452045553884407e+00
1.604809619238476981e-01 2.283656733937603267e+00
1.607615230460922029e-01 2.864451962305353483e+00
1.610420841683366799e-01 2.357902749425538236e+00
1.613226452905811847e-01 2.588290268062134025e+00
1.616032064128256618e-01 2.153911058074066798e+00
1.618837675350701666e-01 3.858979630418785334e+00
1.621643286573146436e-01 3.543291726098000805e+00
1.624448897795591207e-01 3.575614198788999332e+00
1.627254509018036255e-01 3.330287480312306148e+00
1.630060120240481025e-01 3.639611764409153238e+00
1.632865731462926073e-01 2.854527608496729041e+00
1.635671342685370844e-01 3.411018221446659560e+00
1.638476953907815892e-01 2.315683289929616251e+00
1.641282565130260662e-01 3.425712888340060047e+00
1.644088176352705433e-01 3.126278765082485922e+00
1.646893787575150481e-01 3.082403264071515103e+00
1.649699398797595251e-01 3.539915529974464459e+00
1.652505010020040299e-01 2.761242227941935745e+00
1.655310621242485070e-01 2.573591539219144408e+00
1.658116232464930118e-01 3.322350651740313854e+00
1.660921843687374888e-01 4.935700256117159235e+00
1.663727454909819936e-01 3.485083698029322274e+00
1.666533066132264707e-01 2.628008920356404765e+00
1.669338677354709755e-01 2.781995654343902391e+00
1.672144288577154525e-01 4.642852925609225245e+00
1.674949899799599295e-01 3.929317176668652323e+00
1.677755511022044344e-01 4.825814873912440461e+00
1.680561122244489114e-01 2.611539992815623545e+00
1.683366733466934162e-01 4.079955810689749995e+00
1.686172344689378932e-01 3.467839877939173920e+00
1.688977955911823980e-01 2.164472247907246238e+00
1.691783567134268751e-01 2.748945207320469653e+00
1.694589178356713521e-01 4.908665397633822813e+00
1.697394789579158569e-01 4.643862897610571139e+00
1.700200400801603340e-01 4.193662463870310830e+00
1.703006012024048388e-01 3.045365031005562884e+00
1.705811623246493158e-01 5.308960351566446079e+00
1.708617234468938206e-01 3.760108819787378209e+00
1.711422845691382977e-01 3.384201704881643735e+00
1.714228456913827747e-01 4.337756439206939874e+00
1.717034068136272795e-01 2.909686768023492576e+00
1.719839679358717566e-01 4.234740414354098981e+00
1.722645290581162614e-01 3.758025227269750079e+00
1.725450901803607384e-01 2.890859864447421490e+00
1.728256513026052432e-01 4.732021175121037260e+00
1.731062124248497203e-01 4.373390048487895143e+00
1.733867735470941973e-01 5.499123373418977501e+00
1.736673346693387021e-01 5.616309714999464298e+00
1.739478957915831792e-01 3.257833828040489266e+00
1.742284569138276840e-01 4.800591072486277255e+00
1.745090180360721610e-01 4.846596699872214309e+00
1.747895791583166658e-01 4.011809362953611569e+00
1.750701402805611429e-01 4.521760779631808447e+00
1.753507014028056199e-01 5.649509810598502213e+00
1.756312625250501247e-01 3.861738362227633559e+00
1.759118236472946017e-01 3.847491822651389004e+00
1.761923847695391065e-01 5.903268191715070223e+00
1.764729458917835836e-01 6.157178267546777661e+00
1.767535070140280884e-01 3.260911877137079973e+00
1.770340681362725654e-01 4.018429472564800875e+00
1.773146292585170425e-01 3.513728288088364238e+00
1.775951903807615473e-01 5.905560482991044857e+00
1.778757515030060243e-01 7.290562910028621779e+00
1.781563126252505291e-01 4.666890806601424302e+00
1.784368737474950062e-01 4.646183971841938209e+00
1.787174348697395110e-01 6.904007219588325306e+00
1.789979959919839880e-01 5.126306435888512425e+00
1.792785571142284651e-01 7.085063271178421829e+00
1.795591182364729699e-01 4.777698813962582669e+00
1.798396793587174469e-01 5.489787293439608362e+00
1.801202404809619517e-01 7.075120350629678256e+00
1.804008016032064288e-01 1.165875356350849046e+01
1.806813627254509336e-01 4.383723345667841720e+00
1.809619238476954106e-01 9.302793686031048281e+00
1.812424849699398877e-01 3.162677568507749282e+00
1.815230460921843925e-01 4.445399406626479255e+00
1.818036072144288695e-01 5.340783492748683692e+00
1.820841683366733743e-01 7.971589603714249073e+00
1.823647294589178514e-01 4.590883235873969070e+00
1.826452905811623562e-01 4.083788401594595996e+00
1.829258517034068332e-01 5.577961843576984435e+00
1.832064128256513102e-01 5.569992921381633266e+00
1.834869739478958151e-01 4.233428519459428330e+00
1.837675350701402921e-01 8.050782223455620112e+00
1.840480961923847969e-01 5.293614665806295250e+00
1.843286573146292739e-01 9.305404154021667651e+00
1.846092184368737787e-01 7.109925335847030681e+00
1.848897795591182558e-01 1.100646421888333393e+01
1.851703406813627328e-01 5.942170024523645289e+00
1.854509018036072376e-01 5.046306650505052893e+00
1.857314629258517147e-01 5.420192884016675094e+00
1.860120240480962195e-01 5.256074539057362216e+00
1.862925851703406965e-01 6.610098532434387941e+00
1.865731462925852013e-01 8.518564959843045514e+00
1.868537074148296784e-01 5.869144597691879461e+00
1.871342685370741554e-01 4.978408122078373133e+00
1.874148296593186602e-01 5.514119765602733203e+00
1.876953907815631650e-01 4.573392258740190286e+00
1.879759519038076421e-01 7.047755421250486485e+00
1.882565130260521191e-01 1.056034223747115064e+01
1.885370741482966239e-01 8.226807092270153277e+00
1.888176352705411010e-01 6.626550068329135179e+00
1.890981963927855780e-01 5.627295242252936092e+00
1.893787575150300828e-01 6.291647993632373925e+00
1.896593186372745876e-01 6.115186860455423812e+00
1.899398797595190647e-01 6.836210689140298058e+00
1.902204408817635417e-01 5.999358604170691223e+00
1.905010020040080465e-01 6.916372631936417825e+00
1.907815631262525236e-01 6.834168596102943027e+00
1.910621242484970006e-01 6.356121694506343900e+00
1.913426853707415054e-01 9.336720966738470295e+00
1.916232464929860102e-01 6.895819818301918147e+00
1.919038076152304872e-01 4.605180282719667062e+00
1.921843687374749643e-01 7.260376351477523471e+00
1.924649298597194691e-01 6.306853059890581648e+00
1.927454909819639461e-01 6.330460603589546764e+00
1.930260521042084232e-01 1.003525851994895213e+01
1.933066132264529280e-01 1.293563420892392024e+01
1.935871743486974328e-01 6.587112973519872128e+00
1.938677354709419098e-01 6.660855654877015475e+00
1.941482965931863869e-01 6.626424801808278531e+00
1.944288577154308917e-01 1.109582738329875795e+01
1.947094188376753687e-01 5.784881965421484473e+00
1.949899799599198458e-01 7.256624511922771248e+00
1.952705410821643506e-01 6.914846179322982955e+00
1.955511022044088554e-01 6.964308563482760839e+00
1.958316633266533324e-01 1.187900531759400735e+01
1.961122244488978095e-01 9.159280735602829182e+00
1.963927855711423143e-01 9.692029760490393997e+00
1.966733466933867913e-01 9.643927990068970502e+00
1.969539078156312684e-01 7.777565970427962050e+00
1.972344689378757732e-01 8.322040898419947652e+00
1.975150300601202780e-01 8.083350424963452241e+00
1.977955911823647550e-01 8.312909176732034666e+00
1.980761523046092321e-01 7.611329342038481549e+00
1.983567134268537369e-01 8.849769532542108408e+00
1.986372745490982139e-01 7.430236915576343470e+00
1.989178356713427187e-01 1.224445949363130914e+01
1.991983967935871958e-01 1.099640800632814752e+01
1.994789579158317006e-01 8.999380992332881135e+00
1.997595190380761776e-01 6.116233345834626078e+00
2.000400801603206546e-01 1.102023321848328052e+01
2.003206412825651594e-01 9.482021547571571674e+00
2.006012024048096365e-01 9.355659948242413648e+00
2.008817635270541413e-01 9.358526482794610857e+00
2.011623246492986183e-01 9.438670848374403732e+00
2.014428857715431231e-01 1.104983029649973147e+01
2.017234468937876002e-01 7.889011818906735307e+00
2.020040080160320772e-01 9.245176594887487553e+00
2.022845691382765820e-01 8.521675428464115853e+00
2.025651302605210868e-01 1.246338453158517012e+01
2.028456913827655361e-01 1.474820396784780741e+01
2.031262525050100409e-01 1.467583837441800831e+01
2.034068136272545457e-01 8.443192196856847076e+00
2.036873747494990228e-01 1.143402074701813831e+01
2.039679358717434998e-01 1.309646500529502688e+01
2.042484969939880046e-01 1.183722689181099241e+01
2.045290581162325094e-01 1.122304920984990240e+01
2.048096192384769587e-01 1.194449275712776348e+01
2.050901803607214635e-01 1.593110679911983851e+01
2.053707414829659683e-01 1.281267195431474981e+01
2.056513026052104454e-01 9.839229524276312588e+00
2.059318637274549224e-01 1.579326901877615086e+01
2.062124248496994272e-01 1.335323458240632810e+01
2.064929859719439320e-01 1.360754675103953915e+01
2.067735470941883813e-01 9.960410299286488467e+00
2.070541082164328861e-01 1.265436599268199025e+01
2.073346693386773909e-01 1.222736395561688383e+01
2.076152304609218679e-01 1.368107489835923829e+01
2.078957915831663450e-01 1.302231820251131111e+01
2.081763527054108498e-01 8.463382543305852934e+00
2.084569138276553546e-01 8.813804601520409676e+00
2.087374749498998316e-01 8.178796042932450661e+00
2.090180360721443087e-01 1.034526588656390977e+01
2.092985971943888135e-01 9.331903817776424859e+00
2.095791583166332905e-01 8.774950065603674076e+00
2.098597194388777676e-01 1.222193969920467360e+01
2.101402805611222724e-01 1.319134562706393154e+01
2.104208416833667772e-01 1.199355227995597595e+01
2.107014028056112542e-01 1.489405425536700456e+01
2.109819639278557313e-01 1.548531786163193935e+01
2.112625250501002361e-01 1.031825665845900275e+01
2.115430861723447131e-01 1.194334460881565008e+01
2.118236472945891902e-01 9.933270406125467744e+00
2.121042084168336950e-01 8.710510740302645161e+00
2.123847695390781998e-01 1.303470184836137236e+01
2.126653306613226768e-01 1.217596056931892612e+01
2.129458917835671539e-01 1.106393996465809870e+01
2.132264529058116587e-01 1.281155176142800300e+01
2.135070140280561357e-01 1.081403125611521254e+01
2.137875751503006128e-01 1.122179426263797986e+01
2.140681362725451176e-01 1.616966069492971059e+01
2.143486973947896224e-01 1.326528263922861406e+01
2.146292585170340994e-01 1.172290752265207203e+01
2.149098196392785765e-01 1.535875050898095751e+01
2.151903807615230813e-01 1.407798903924999578e+01
2.154709418837675583e-01 1.023033822616275756e+01
2.157515030060120353e-01 1.551963631171373414e+01
2.160320641282565401e-01 1.020751575223272489e+01
2.163126252505010449e-01 6.649289652822544028e+00
2.165931863727455220e-01 1.067413808089706073e+01
2.168737474949899990e-01 7.822450133153696861e+00
2.171543086172345038e-01 1.231660571889327471e+01
2.174348697394789809e-01 8.454230240437698995e+00
2.177154308617234579e-01 8.648973469311730611e+00
2.179959919839679627e-01 1.225570885236026974e+01
2.182765531062124675e-01 1.279614916935032021e+01
2.185571142284569446e-01 9.857318832850157975e+00
2.188376753507014216e-01 8.798796724751284160e+00
2.191182364729459264e-01 8.574090082339527186e+00
2.193987975951904035e-01 9.546378437167726716e+00
2.196793587174348805e-01 1.099962363692162448e+01
2.199599198396793853e-01 1.135136599205872798e+01
2.202404809619238901e-01 1.043209476043701756e+01
2.205210420841683672e-01 9.284294611536857644e+00
2.208016032064128442e-01 7.916995811361329238e+00
2.210821643286573490e-01 6.970901791514488188e+00
2.213627254509018261e-01 8.414149187346456671e+00
2.216432865731463031e-01 8.898843977289518037e+00
2.219238476953908079e-01 7.905913073752102171e+00
2.222044088176353127e-01 1.030985288856722981e+01
2.224849699398797898e-01 7.101014777038122894e+00
2.227655310621242668e-01 8.764477845792326249e+00
2.230460921843687716e-01 6.981561886483327761e+00
2.233266533066132487e-01 1.055910598923437504e+01
2.236072144288577257e-01 7.624889140113791264e+00
2.238877755511022305e-01 6.482267647448633596e+00
2.241683366733467353e-01 5.927240680166425690e+00
2.244488977955912123e-01 9.578358903696704729e+00
2.247294589178356894e-01 7.993048647037968912e+00
2.250100200400801942e-01 7.252728628611017747e+00
2.252905811623246712e-01 7.743271430436310609e+00
2.255711422845691483e-01 7.301695065533938767e+00
2.258517034068136531e-01 7.218180013982222754e+00
2.261322645290581579e-01 6.526010507064375687e+00
2.264128256513026349e-01 8.044600443494237751e+00
2.266933867735471120e-01 7.420273423823056547e+00
2.269739478957916168e-01 6.808084992735513374e+00
2.272545090180360938e-01 6.550103337368755163e+00
2.275350701402805709e-01 6.433407180745135179e+00
2.278156312625250757e-01 5.543708822572835260e+00
2.280961923847695805e-01 8.139938580691783443e+00
2.283767535070140575e-01 8.272516625953922897e+00
2.286573146292585346e-01 5.015763703385331951e+00
2.289378757515030394e-01 6.706975616472942825e+00
2.292184368737475442e-01 7.303452097453440039e+00
2.294989979959919935e-01 6.205742767939348425e+00
2.297795591182364983e-01 6.654390836403099918e+00
2.300601202404810031e-01 6.197177656072316410e+00
2.303406813627254801e-01 8.266151059463748396e+00
2.306212424849699572e-01 7.300711373232528167e+00
2.309018036072144620e-01 5.924162200992573624e+00
2.311823647294589668e-01 7.227906914380151093e+00
2.314629258517034160e-01 7.602698524942660185e+00
2.317434869739479208e-01 4.878112360131333425e+00
2.320240480961924256e-01 5.681138605068620784e+00
2.323046092184369027e-01 5.083183273182600992e+00
2.325851703406813797e-01 5.836226508668702628e+00
2.328657314629258845e-01 5.162926452230562901e+00
2.331462925851703893e-01 5.068578496053977034e+00
2.334268537074148386e-01 6.293142824960146875e+00
2.337074148296593434e-01 5.492244101231283260e+00
2.339879759519038482e-01 5.845514560880907595e+00
2.342685370741483253e-01 7.009484643192775977e+00
2.345490981963928023e-01 5.231838896631971103e+00
2.348296593186373071e-01 5.637024317531916573e+00
2.351102204408818119e-01 5.603948232119201123e+00
2.353907815631262890e-01 5.161742400617936433e+00
2.356713426853707660e-01 5.965631590582348487e+00
2.359519038076152708e-01 5.555908115384698753e+00
2.362324649298597479e-01 5.518284085380185999e+00
2.365130260521042249e-01 6.841610779028768796e+00
2.367935871743487297e-01 4.758248009711687487e+00
2.370741482965932345e-01 5.095834372895981623e+00
2.373547094188377116e-01 4.312332888784961682e+00
2.376352705410821886e-01 4.393859479162456338e+00
2.379158316633266934e-01 5.926512983107460997e+00
2.381963927855711705e-01 4.592612238852020745e+00
2.384769539078156475e-01 4.831301326766093140e+00
2.387575150300601523e-01 4.673629520158374184e+00
2.390380761523046571e-01 5.659489234241592115e+00
2.393186372745491342e-01 4.918213604673694839e+00
2.395991983967936112e-01 5.398015421984202256e+00
2.398797595190381160e-01 4.971957337359720341e+00
2.401603206412825930e-01 4.164605423817791419e+00
2.404408817635270701e-01 3.879087804279206519e+00
2.407214428857715749e-01 4.101861187368275097e+00
2.410020040080160797e-01 4.327378531840247788e+00
2.412825651302605567e-01 4.440774126653474596e+00
2.415631262525050338e-01 4.342488905664455778e+00
2.418436873747495386e-01 5.690283601311894479e+00
2.421242484969940156e-01 4.905989094710331955e+00
2.424048096192384927e-01 4.205910935172599174e+00
2.426853707414829975e-01 4.478378319242763084e+00
2.429659318637275023e-01 4.218238958468022659e+00
2.432464929859719793e-01 5.010302992976805037e+00
2.435270541082164564e-01 4.272950295900456830e+00
2.438076152304609612e-01 4.737979888255165584e+00
2.440881763527054382e-01 4.882722603720967669e+00
2.443687374749499153e-01 4.487360186159838449e+00
2.446492985971944201e-01 4.899032723692770652e+00
2.449298597194389249e-01 4.918131304214344190e+00
2.452104208416834019e-01 4.719893443535904787e+00
2.454909819639278790e-01 3.938974869273985213e+00
2.457715430861723838e-01 4.215242566208195818e+00
2.460521042084168608e-01 4.065839636005279978e+00
2.463326653306613379e-01 4.389108215441630101e+00
2.466132264529058427e-01 3.733832793859620303e+00
2.468937875751503475e-01 3.869651890769264302e+00
2.471743486973948245e-01 3.204095293018650370e+00
2.474549098196393015e-01 3.846267425017043440e+00
2.477354709418838064e-01 4.258826901651857177e+00
2.480160320641282834e-01 4.218296032491931413e+00
2.482965931863727604e-01 3.603333321048167726e+00
2.485771543086172652e-01 4.000852542706437198e+00
2.488577154308617700e-01 3.595628675971483279e+00
2.491382765531062471e-01 3.837201847090718765e+00
2.494188376753507241e-01 3.097537900008503264e+00
2.496993987975952289e-01 3.800185819854817737e+00
2.499799599198397060e-01 3.311070642337941461e+00
2.502605210420841830e-01 4.529197633505093634e+00
2.505410821643286878e-01 3.387488144884956309e+00
2.508216432865731926e-01 3.816675583709674857e+00
2.511022044088176974e-01 4.176437838512538470e+00
2.513827655310621467e-01 4.002262251087263856e+00
2.516633266533066515e-01 3.216558893407959641e+00
2.519438877755511008e-01 3.623736246133816952e+00
2.522244488977956056e-01 3.537225161521760697e+00
2.525050100200401104e-01 3.414125994226607119e+00
2.527855711422846152e-01 3.187133858419654242e+00
2.530661322645291200e-01 3.548526713565554047e+00
2.533466933867735693e-01 3.797674442801126204e+00
2.536272545090180741e-01 3.474778148068615735e+00
2.539078156312625234e-01 3.026350476830129921e+00
2.541883767535070282e-01 3.848908028596133679e+00
2.544689378757515330e-01 3.196270888275186461e+00
2.547494989979960378e-01 2.697618667759275723e+00
2.550300601202405426e-01 3.606262569593822409e+00
2.553106212424849919e-01 4.109116933587588782e+00
2.555911823647294967e-01 3.704242875955418679e+00
2.558717434869740015e-01 3.245583113777474882e+00
2.561523046092184508e-01 3.924062374681969168e+00
2.564328657314629556e-01 3.911227446031252608e+00
2.567134268537074604e-01 3.594767432206187774e+00
2.569939879759519652e-01 3.399945787385221685e+00
2.572745490981964145e-01 3.380997171162076764e+00
2.575551102204409193e-01 3.386221478417026365e+00
2.578356713426854241e-01 2.653104291940925563e+00
2.581162324649298734e-01 3.336934731190818404e+00
2.583967935871743782e-01 2.956589301903778555e+00
2.586773547094188830e-01 3.187949705963897706e+00
2.589579158316633878e-01 2.801215793280291244e+00
2.592384769539078371e-01 2.956197238858393472e+00
2.595190380761523419e-01 2.824893786377667304e+00
2.597995991983968467e-01 3.512655252964927755e+00
2.600801603206412960e-01 3.807719544096427100e+00
2.603607214428858008e-01 3.029926251619703415e+00
2.606412825651303056e-01 2.507103201964008043e+00
2.609218436873748104e-01 3.515270114510277821e+00
2.612024048096192597e-01 3.234377428557441370e+00
2.614829659318637645e-01 3.281258387944013588e+00
2.617635270541082693e-01 3.692358445333610018e+00
2.620440881763527186e-01 2.671130902116751304e+00
2.623246492985972234e-01 2.841019860244903050e+00
2.626052104208417282e-01 2.785152644187267157e+00
2.628857715430862330e-01 3.504216057535613604e+00
2.631663326653306823e-01 3.080280288947416789e+00
2.634468937875751871e-01 3.081516372713616114e+00
2.637274549098196919e-01 3.324079407818402387e+00
2.640080160320641411e-01 2.942095766134424029e+00
2.642885771543086459e-01 3.056934339394181688e+00
2.645691382765531507e-01 2.574271034531001590e+00
2.648496993987976555e-01 3.038424794967402587e+00
2.651302605210421603e-01 2.795045686142162200e+00
2.654108216432866096e-01 3.069991551422399656e+00
2.656913827655310589e-01 2.755087747709027646e+00
2.659719438877755637e-01 3.084916548304056594e+00
2.662525050100200685e-01 2.804666897691904914e+00
2.665330661322645733e-01 3.218182324314650788e+00
2.668136272545090781e-01 2.790828216991675159e+00
2.670941883767535829e-01 2.916289154740430600e+00
2.673747494989980322e-01 2.592284271258142869e+00
2.676553106212424815e-01 2.639861319602476275e+00
2.679358717434869863e-01 2.941915308301545906e+00
2.682164328657314911e-01 2.284514777873962288e+00
2.684969939879759959e-01 2.645044421660815548e+00
2.687775551102205007e-01 3.510861487812253046e+00
2.690581162324650055e-01 2.747378354879449258e+00
2.693386773547094548e-01 2.454269101190455160e+00
2.696192384769539041e-01 2.747045956075992112e+00
2.698997995991984089e-01 2.584846394860109697e+00
2.701803607214429137e-01 2.734738274979894523e+00
2.704609218436874185e-01 2.735995902143092184e+00
2.707414829659319233e-01 3.262816141271638326e+00
2.710220440881764281e-01 2.871762977600858413e+00
2.713026052104208774e-01 2.703464068874354975e+00
2.715831663326653267e-01 3.031408972745436525e+00
2.718637274549098315e-01 2.252617679040169296e+00
2.721442885771543363e-01 2.484393781206221785e+00
2.724248496993988411e-01 3.037355169470755012e+00
2.727054108216433459e-01 2.703772768686285577e+00
2.729859719438878507e-01 2.227304414727337978e+00
2.732665330661323000e-01 2.550669969840378748e+00
2.735470941883767493e-01 2.196447175212665748e+00
2.738276553106212541e-01 2.766557844196438687e+00
2.741082164328657589e-01 2.533944995178370352e+00
2.743887775551102637e-01 2.550116119978051543e+00
2.746693386773547685e-01 2.299770389188465547e+00
2.749498997995992733e-01 2.375222923160647870e+00
2.752304609218437226e-01 2.602174164435441472e+00
2.755110220440881719e-01 2.505701773887149209e+00
2.757915831663326767e-01 2.327055535636760819e+00
2.760721442885771815e-01 2.502209069325429969e+00
2.763527054108216863e-01 2.635789501796808931e+00
2.766332665330661911e-01 2.290751338348111066e+00
2.769138276553106959e-01 2.476582897160847896e+00
2.771943887775551452e-01 2.390751300240192112e+00
2.774749498997996500e-01 1.885415510707162179e+00
2.777555110220440993e-01 2.027226316059383304e+00
2.780360721442886041e-01 2.449045187356041708e+00
2.783166332665331089e-01 2.315999140617139407e+00
2.785971943887776137e-01 2.194358027926381460e+00
2.788777555110221185e-01 2.566063045438125467e+00
2.791583166332665678e-01 2.431715711939999469e+00
2.794388777555110726e-01 2.449702313496331829e+00
2.797194388777555218e-01 2.400709386237863452e+00
2.800000000000000266e-01 2.509673870284297781e+00
