lambda suscetibilidade
1.400000000000000133e-01 2.294445788004269460e+00
1.402805611222444904e-01 2.096187886526464261e+00
1.405611222444889952e-01 2.351424871544522954e+00
1.408416833667334722e-01 2.318635149103289272e+00
1.411222444889779770e-01 2.511204906450292373e+00
1.414028056112224541e-01 2.806323530640550512e+00
1.416833667334669589e-01 2.099602504194698849e+00
1.419639278557114359e-01 2.074337214515646899e+00
1.422444889779559130e-01 2.186069198283175918e+00
1.425250501002004178e-01 2.609998452441983030e+00
1.428056112224448948e-01 2.020149555740867520e+00
1.430861723446893996e-01 2.521277445389614069e+00
1.433667334669338767e-01 2.309877529012967390e+00
1.436472945891783815e-01 2.875793297797984760e+00
1.439278557114228585e-01 2.601229921483325214e+00
1.442084168336673355e-01 2.013889452821689297e+00
1.444889779559118403e-01 2.486030688149495571e+00
1.447695390781563174e-01 3.348519644661431371e+00
1.450501002004008222e-01 2.486728476012779687e+00
1.453306613226452992e-01 3.407757234606886954e+00
1.456112224448898040e-01 1.916501986298482230e+00
1.458917835671342811e-01 2.394558937417044842e+00
1.461723446893787859e-01 2.463568419672466092e+00
1.464529058116232629e-01 2.169985748477961440e+00
1.467334669338677400e-01 2.752431166868134493e+00
1.470140280561122448e-01 2.340466450090974870e+00
1.472945891783567218e-01 2.233178054561577586e+00
1.475751503006012266e-01 3.024436804181740435e+00
1.478557114228457037e-01 2.510598873645724094e+00
1.481362725450902085e-01 2.159133701948344086e+00
1.484168336673346855e-01 2.642782817048753063e+00
1.486973947895791626e-01 2.241630789389104095e+00
1.489779559118236674e-01 2.636985371010348800e+00
1.492585170340681444e-01 2.453297336371194071e+00
1.495390781563126492e-01 3.032237953906759209e+00
1.498196392785571263e-01 3.595240523894095208e+00
1.501002004008016311e-01 4.525301502601411840e+00
1.503807615230461081e-01 3.191047924512488532e+00
1.506613226452905852e-01 2.413069466079550196e+00
1.509418837675350900e-01 3.552304879868337206e+00
1.512224448897795670e-01 2.912017580735863476e+00
1.515030060120240718e-01 3.368744527878186457e+00
1.517835671342685488e-01 2.746494426582666293e+00
1.520641282565130536e-01 3.341196594495142502e+00
1.523446893787575307e-01 3.045964889651258112e+00
1.526252505010020077e-01 2.372828500681785524e+00
1.529058116232465125e-01 2.631120619225352453e+00
1.531863727454909896e-01 2.642793301927160776e+00
1.534669338677354944e-01 2.746123599971607376e+00
1.537474949899799714e-01 2.611664092499546008e+00
1.540280561122244762e-01 2.650943041832308111e+00
1.543086172344689533e-01 2.823403853994868484e+00
1.545891783567134303e-01 4.581797597239719799e+00
1.548697394789579351e-01 2.495921251921586759e+00
1.551503006012024122e-01 1.730088895812801564e+00
1.554308617234469170e-01 2.270388791937069328e+00
1.557114228456913940e-01 2.600348022674442650e+00
1.559919839679358988e-01 2.645383768371122990e+00
1.562725450901803759e-01 2.599011381753472794e+00
1.565531062124248529e-01 2.329843203856061695e+00
1.568336673346693577e-01 4.391410752991050437e+00
1.571142284569138348e-01 3.455202075380627402e+00
1.573947895791583396e-01 4.145521056225137002e+00
1.576753507014028166e-01 6.194730754003137108e+00
1.579559118236473214e-01 3.580599170822766020e+00
1.582364729458917985e-01 3.172552600553142810e+00
1.585170340681362755e-01 4.685212512884870506e+00
1.587975951903807803e-01 3.537879756847601254e+00
1.590781563126252574e-01 3.989530156166014141e+00
1.593587174348697622e-01 2.739803920863917774e+00
1.596392785571142392e-01 3.629724427184544577e+00
1.599198396793587440e-01 3.298574132936326730e+00
1.602004008016032210e-01 3.846444662774220369e+00
1.604809619238476981e-01 3.264621730302628144e+00
1.607615230460922029e-01 4.898604737216815330e+00
1.610420841683366799e-01 3.306527040797559991e+00
1.613226452905811847e-01 3.134395355720497101e+00
1.616032064128256618e-01 4.239479763887437080e+00
1.618837675350701666e-01 2.925154918628729117e+00
1.621643286573146436e-01 2.711690503047638590e+00
1.624448897795591207e-01 2.531694778595861894e+00
1.627254509018036255e-01 3.109504481880172033e+00
1.630060120240481025e-01 3.897042695731285811e+00
1.632865731462926073e-01 5.439993142670857651e+00
1.635671342685370844e-01 4.289416667518086257e+00
1.638476953907815892e-01 3.450756073992584660e+00
1.641282565130260662e-01 3.381058392211368169e+00
1.644088176352705433e-01 2.608257952316749506e+00
1.646893787575150481e-01 2.922334978840594566e+00
1.649699398797595251e-01 3.849754287385418472e+00
1.652505010020040299e-01 3.688267306183611094e+00
1.655310621242485070e-01 5.036319578012401266e+00
1.658116232464930118e-01 4.115095716624757927e+00
1.660921843687374888e-01 6.895739830548945903e+00
1.663727454909819936e-01 5.783634564867997874e+00
1.666533066132264707e-01 4.302258275964127243e+00
1.669338677354709755e-01 2.784075814593495846e+00
1.672144288577154525e-01 3.561756262419063290e+00
1.674949899799599295e-01 3.417870698123760320e+00
1.677755511022044344e-01 3.402799083428873494e+00
1.680561122244489114e-01 3.575187383790327633e+00
1.683366733466934162e-01 3.579934219622820102e+00
1.686172344689378932e-01 3.928022500776057413e+00
1.688977955911823980e-01 3.483175762118951635e+00
1.691783567134268751e-01 5.250275697148936160e+00
1.694589178356713521e-01 4.891994554810126239e+00
1.697394789579158569e-01 3.696295803719324535e+00
1.700200400801603340e-01 4.334079076115269658e+00
1.703006012024048388e-01 3.268669924749723954e+00
1.705811623246493158e-01 4.087348726905218221e+00
1.708617234468938206e-01 4.574702879084332707e+00
1.711422845691382977e-01 4.001092909254257535e+00
1.714228456913827747e-01 4.599990033078495522e+00
1.717034068136272795e-01 3.100368903749522342e+00
1.719839679358717566e-01 3.692228389097008900e+00
1.722645290581162614e-01 5.360401787434216025e+00
1.725450901803607384e-01 3.807266553192016012e+00
1.728256513026052432e-01 4.000421782860745346e+00
1.731062124248497203e-01 5.690214414919427810e+00
1.733867735470941973e-01 3.713618819127640691e+00
1.736673346693387021e-01 4.607806399431251698e+00
1.739478957915831792e-01 5.092602229366096189e+00
1.742284569138276840e-01 3.797479839998973539e+00
1.745090180360721610e-01 3.963221750140318189e+00
1.747895791583166658e-01 4.160852989499770338e+00
1.750701402805611429e-01 3.885754049333886240e+00
1.753507014028056199e-01 3.652520806714547597e+00
1.756312625250501247e-01 3.743992286130233715e+00
1.759118236472946017e-01 4.363268432680298403e+00
1.761923847695391065e-01 5.763936793769957490e+00
1.764729458917835836e-01 4.885318688044552715e+00
1.767535070140280884e-01 3.600707494225644290e+00
1.770340681362725654e-01 5.156003155826160089e+00
1.773146292585170425e-01 6.738459968615214457e+00
1.775951903807615473e-01 7.368486368762035887e+00
1.778757515030060243e-01 5.146705097714139754e+00
1.781563126252505291e-01 5.786226743643955395e+00
1.784368737474950062e-01 4.454909046210567602e+00
1.787174348697395110e-01 4.904868866585313292e+00
1.789979959919839880e-01 5.444652246414277030e+00
1.792785571142284651e-01 5.178452074763893798e+00
1.795591182364729699e-01 7.682827400677150642e+00
1.798396793587174469e-01 5.620683091783788221e+00
1.801202404809619517e-01 5.580907457627183099e+00
1.804008016032064288e-01 4.998397422026953585e+00
1.806813627254509336e-01 5.949462447831112222e+00
1.809619238476954106e-01 5.250127425809988146e+00
1.812424849699398877e-01 8.815416054351564057e+00
1.815230460921843925e-01 4.802834341875639623e+00
1.818036072144288695e-01 5.220244513169488343e+00
1.820841683366733743e-01 5.825080853089654731e+00
1.823647294589178514e-01 5.208831445790240267e+00
1.826452905811623562e-01 6.076122089213781052e+00
1.829258517034068332e-01 5.530232087256974793e+00
1.832064128256513102e-01 6.002922100779937153e+00
1.834869739478958151e-01 6.439547970230305118e+00
1.837675350701402921e-01 7.763271124870929185e+00
1.840480961923847969e-01 9.273828456265821529e+00
1.843286573146292739e-01 5.282728059448210445e+00
1.846092184368737787e-01 1.009691395257777913e+01
1.848897795591182558e-01 6.875280887975865340e+00
1.851703406813627328e-01 9.308470573698741646e+00
1.854509018036072376e-01 5.355818651007917985e+00
1.857314629258517147e-01 4.190140789954265976e+00
1.860120240480962195e-01 6.293979774588448706e+00
1.862925851703406965e-01 4.673230984940460075e+00
1.865731462925852013e-01 5.127441146012835738e+00
1.868537074148296784e-01 4.883491206988789024e+00
1.871342685370741554e-01 6.575840275118193468e+00
1.874148296593186602e-01 9.313050995882138139e+00
1.876953907815631650e-01 7.326496764469532685e+00
1.879759519038076421e-01 6.883458588307479253e+00
1.882565130260521191e-01 7.363062292151193233e+00
1.885370741482966239e-01 4.954151287781658475e+00
1.888176352705411010e-01 8.107681821395461341e+00
1.890981963927855780e-01 6.056372141025510913e+00
1.893787575150300828e-01 6.495837022196401023e+00
1.896593186372745876e-01 7.517287076846375982e+00
1.899398797595190647e-01 7.091816995556145642e+00
1.902204408817635417e-01 6.187872673638707077e+00
1.905010020040080465e-01 5.243756347765918591e+00
1.907815631262525236e-01 6.979192563306829911e+00
1.910621242484970006e-01 4.023359192494495140e+00
1.913426853707415054e-01 6.648463263340244289e+00
1.916232464929860102e-01 4.740029108663659230e+00
1.919038076152304872e-01 7.198356081459292177e+00
1.921843687374749643e-01 9.745231037201547153e+00
1.924649298597194691e-01 7.221233020283944981e+00
1.927454909819639461e-01 6.127159185975967759e+00
1.930260521042084232e-01 6.975151489466394850e+00
1.933066132264529280e-01 1.011161964050703155e+01
1.935871743486974328e-01 6.930504810360312185e+00
1.938677354709419098e-01 6.553930029128028245e+00
1.941482965931863869e-01 6.951795077206393891e+00
1.944288577154308917e-01 8.822813381481877215e+00
1.947094188376753687e-01 1.120878925755379463e+01
1.949899799599198458e-01 7.500660521399874270e+00
1.952705410821643506e-01 7.397134289104845273e+00
1.955511022044088554e-01 5.571667271098656116e+00
1.958316633266533324e-01 5.771040129359975346e+00
1.961122244488978095e-01 8.593632217950858632e+00
1.963927855711423143e-01 7.809300111863252347e+00
1.966733466933867913e-01 8.375869926389755804e+00
1.969539078156312684e-01 8.509228527858327951e+00
1.972344689378757732e-01 7.484631935849662021e+00
1.975150300601202780e-01 9.074260513341734224e+00
1.977955911823647550e-01 7.396480466628370998e+00
1.980761523046092321e-01 8.108738941537756872e+00
1.983567134268537369e-01 7.368473481939641800e+00
1.986372745490982139e-01 9.942004065196018203e+00
1.989178356713427187e-01 7.236778797029367105e+00
1.991983967935871958e-01 6.795958283771968311e+00
1.994789579158317006e-01 1.175681178483851497e+01
1.997595190380761776e-01 1.016740723437776417e+01
2.000400801603206546e-01 8.084201354172211751e+00
2.003206412825651594e-01 1.023241783942090244e+01
2.006012024048096365e-01 8.067724274598999656e+00
2.008817635270541413e-01 7.893890571019338331e+00
2.011623246492986183e-01 8.719358917255028985e+00
2.014428857715431231e-01 7.604555457769894389e+00
2.017234468937876002e-01 1.129122141138252111e+01
2.020040080160320772e-01 9.757758574604938673e+00
2.022845691382765820e-01 1.485830485030247061e+01
2.025651302605210868e-01 1.018493267582370088e+01
2.028456913827655361e-01 9.871484883611966410e+00
2.031262525050100409e-01 1.002586350367701939e+01
2.034068136272545457e-01 1.164948185914939494e+01
2.036873747494990228e-01 8.952521826698966123e+00
2.039679358717434998e-01 1.279633642920757453e+01
2.042484969939880046e-01 8.487840851323689151e+00
2.045290581162325094e-01 1.190894265425088960e+01
2.048096192384769587e-01 1.128473821516850961e+01
2.050901803607214635e-01 9.429178004739949159e+00
2.053707414829659683e-01 1.209748556275772913e+01
2.056513026052104454e-01 9.972508599817887287e+00
2.059318637274549224e-01 1.363073419605370340e+01
2.062124248496994272e-01 1.193772473901730713e+01
2.064929859719439320e-01 1.210662346413729118e+01
2.067735470941883813e-01 1.418783533995030410e+01
2.070541082164328861e-01 1.088020363679882152e+01
2.073346693386773909e-01 1.180462798486456499e+01
2.076152304609218679e-01 1.429454703426500828e+01
2.078957915831663450e-01 1.265265737956783632e+01
2.081763527054108498e-01 1.249225735655159397e+01
2.084569138276553546e-01 1.180906985862626257e+01
2.087374749498998316e-01 1.010086862933446206e+01
2.090180360721443087e-01 1.293374921357932017e+01
2.092985971943888135e-01 1.223738538673428344e+01
2.095791583166332905e-01 1.119548883663761352e+01
2.098597194388777676e-01 1.083442528594992105e+01
2.101402805611222724e-01 1.124967434107403896e+01
2.104208416833667772e-01 1.202239485684594200e+01
2.107014028056112542e-01 1.048439024853187362e+01
2.109819639278557313e-01 1.211150164153454689e+01
2.112625250501002361e-01 1.278261591740337799e+01
2.115430861723447131e-01 1.143527278974301709e+01
2.118236472945891902e-01 1.205124110644092994e+01
2.121042084168336950e-01 9.988583202778348991e+00
2.123847695390781998e-01 1.467882773067742086e+01
2.126653306613226768e-01 1.081220555840486242e+01
2.129458917835671539e-01 8.544705646398639942e+00
2.132264529058116587e-01 9.493480939363525550e+00
2.135070140280561357e-01 1.271652164910053706e+01
2.137875751503006128e-01 1.054620322350427486e+01
2.140681362725451176e-01 1.722377319609273982e+01
2.143486973947896224e-01 9.989432506482664564e+00
2.146292585170340994e-01 9.698103002773921233e+00
2.149098196392785765e-01 1.252906675086321187e+01
2.151903807615230813e-01 8.581232453690848416e+00
2.154709418837675583e-01 1.189470394701757883e+01
2.157515030060120353e-01 9.598905072433780106e+00
2.160320641282565401e-01 1.024513535452337365e+01
2.163126252505010449e-01 1.129324335851849170e+01
2.165931863727455220e-01 1.079612895746451606e+01
2.168737474949899990e-01 1.194498748799942511e+01
2.171543086172345038e-01 1.255359678948287439e+01
2.174348697394789809e-01 9.500279404116421134e+00
2.177154308617234579e-01 1.100866495006692780e+01
2.179959919839679627e-01 1.212865244474926563e+01
2.182765531062124675e-01 1.010753014119378967e+01
2.185571142284569446e-01 1.768720643624627087e+01
2.188376753507014216e-01 1.041924745709020605e+01
2.191182364729459264e-01 1.004599014393513912e+01
2.193987975951904035e-01 1.006308166146670402e+01
2.196793587174348805e-01 9.118593840382111182e+00
2.199599198396793853e-01 9.507499063747856027e+00
2.202404809619238901e-01 9.558273686643346423e+00
2.205210420841683672e-01 1.159623350658086771e+01
2.208016032064128442e-01 9.775527472136358753e+00
2.210821643286573490e-01 9.687945945446591267e+00
2.213627254509018261e-01 8.648374089317192315e+00
2.216432865731463031e-01 9.926729498872642665e+00
2.219238476953908079e-01 9.046154506486539404e+00
2.222044088176353127e-01 8.240983801577870693e+00
2.224849699398797898e-01 1.017214366701040440e+01
2.227655310621242668e-01 1.039480057224691123e+01
2.230460921843687716e-01 8.352768953556179099e+00
2.233266533066132487e-01 1.022710250527597076e+01
2.236072144288577257e-01 1.062071764063868073e+01
2.238877755511022305e-01 5.502302774932828378e+00
2.241683366733467353e-01 9.019272699353214406e+00
2.244488977955912123e-01 8.933119095891029815e+00
2.247294589178356894e-01 9.682464131868877999e+00
2.250100200400801942e-01 9.498719721095476132e+00
2.252905811623246712e-01 7.472971044497798587e+00
2.255711422845691483e-01 7.829194903168673392e+00
2.258517034068136531e-01 8.140305344738465010e+00
2.261322645290581579e-01 6.947514775094953521e+00
2.264128256513026349e-01 7.094356320021677931e+00
2.266933867735471120e-01 7.323183729982673640e+00
2.269739478957916168e-01 7.405630459431465695e+00
2.272545090180360938e-01 7.016763284025405945e+00
2.275350701402805709e-01 7.991526645313806299e+00
2.278156312625250757e-01 7.000375176682480216e+00
2.280961923847695805e-01 8.157192260821579666e+00
2.283767535070140575e-01 6.150491633530220881e+00
2.286573146292585346e-01 6.428708494183904776e+00
2.289378757515030394e-01 6.889139705491902355e+00
2.292184368737475442e-01 7.604770130865280642e+00
2.294989979959919935e-01 7.627139931507958437e+00
2.297795591182364983e-01 5.779221927915767054e+00
2.300601202404810031e-01 5.514644161445636961e+00
2.303406813627254801e-01 7.405993619944087669e+00
2.306212424849699572e-01 7.617424862183958645e+00
2.309018036072144620e-01 7.625665477932926706e+00
2.311823647294589668e-01 8.631180187891592581e+00
2.314629258517034160e-01 6.164042476010616056e+00
2.317434869739479208e-01 5.031164431505295909e+00
2.320240480961924256e-01 8.081242021212446502e+00
2.323046092184369027e-01 5.664266609540727693e+00
2.325851703406813797e-01 5.765101173171086835e+00
2.328657314629258845e-01 6.189436325619375623e+00
2.331462925851703893e-01 5.196000127007833314e+00
2.334268537074148386e-01 5.429268493830424980e+00
2.337074148296593434e-01 7.558779417852555582e+00
2.339879759519038482e-01 4.988496568333381731e+00
2.342685370741483253e-01 6.144515827006101993e+00
2.345490981963928023e-01 5.846002774882872011e+00
2.348296593186373071e-01 4.151253287344275122e+00
2.351102204408818119e-01 6.346454934115492108e+00
2.353907815631262890e-01 6.621365619234987676e+00
2.356713426853707660e-01 4.380185085474741058e+00
2.359519038076152708e-01 5.729082926701663858e+00
2.362324649298597479e-01 6.128721925419667649e+00
2.365130260521042249e-01 5.237977851836827625e+00
2.367935871743487297e-01 5.198198182401573497e+00
2.370741482965932345e-01 4.448885351450197589e+00
2.373547094188377116e-01 5.187351851003889180e+00
2.376352705410821886e-01 5.107884581609012820e+00
2.379158316633266934e-01 5.608067578826891442e+00
2.381963927855711705e-01 4.690455602097256538e+00
2.384769539078156475e-01 5.635175840986442530e+00
2.387575150300601523e-01 4.958105582030873926e+00
2.390380761523046571e-01 5.687707190161292559e+00
2.393186372745491342e-01 4.874021268033872367e+00
2.395991983967936112e-01 4.238676552572705702e+00
2.398797595190381160e-01 5.069356097027668540e+00
2.401603206412825930e-01 4.749725266429111414e+00
2.404408817635270701e-01 5.304923244470331589e+00
2.407214428857715749e-01 4.400132631192011701e+00
2.410020040080160797e-01 3.830571047974412391e+00
2.412825651302605567e-01 4.243268928710525856e+00
2.415631262525050338e-01 3.751592827984650214e+00
2.418436873747495386e-01 4.033218468558925629e+00
2.421242484969940156e-01 5.120031897783763775e+00
2.424048096192384927e-01 3.948001380764815327e+00
2.426853707414829975e-01 4.143401552494796469e+00
2.429659318637275023e-01 5.077731494064278372e+00
2.432464929859719793e-01 4.829617240465037042e+00
2.435270541082164564e-01 5.175265890489939125e+00
2.438076152304609612e-01 3.888109381216614313e+00
2.440881763527054382e-01 3.843631563352158498e+00
2.443687374749499153e-01 3.675817604081790257e+00
2.446492985971944201e-01 4.140487670522514208e+00
2.449298597194389249e-01 4.234137278307184005e+00
2.452104208416834019e-01 4.331124299738102756e+00
2.454909819639278790e-01 4.228686069344630205e+00
2.457715430861723838e-01 3.790688435085261876e+00
2.460521042084168608e-01 3.834694689730526740e+00
2.463326653306613379e-01 3.478836046436406537e+00
2.466132264529058427e-01 3.243407297070318940e+00
2.468937875751503475e-01 4.099450859635168420e+00
2.471743486973948245e-01 4.124047276336995971e+00
2.474549098196393015e-01 4.411035459946942794e+00
2.477354709418838064e-01 3.273290155375333299e+00
2.480160320641282834e-01 3.439642697029763774e+00
2.482965931863727604e-01 4.435153598866230062e+00
2.485771543086172652e-01 4.318331507956978399e+00
2.488577154308617700e-01 3.971517927928363889e+00
2.491382765531062471e-01 3.450295143098681905e+00
2.494188376753507241e-01 3.881228334346285447e+00
2.496993987975952289e-01 3.565161196328039406e+00
2.499799599198397060e-01 2.908148604487138744e+00
2.502605210420841830e-01 3.697996514159940684e+00
2.505410821643286878e-01 4.296073688396556456e+00
2.508216432865731926e-01 3.670334060216013050e+00
2.511022044088176974e-01 3.734598332693718881e+00
2.513827655310621467e-01 3.487222335490313796e+00
2.516633266533066515e-01 3.825690647611030837e+00
2.519438877755511008e-01 4.152281393469098525e+00
2.522244488977956056e-01 3.239826319486070361e+00
2.525050100200401104e-01 3.770404448490913829e+00
2.527855711422846152e-01 3.635430819791243717e+00
2.530661322645291200e-01 4.287649269998481394e+00
2.533466933867735693e-01 3.571148726455174671e+00
2.536272545090180741e-01 3.577453962214187211e+00
2.539078156312625234e-01 3.399978813366578922e+00
2.541883767535070282e-01 3.202725256724961778e+00
2.544689378757515330e-01 3.213839219488364929e+00
2.547494989979960378e-01 3.351047129593066387e+00
2.550300601202405426e-01 3.488448417988343486e+00
2.553106212424849919e-01 3.510799015942529078e+00
2.555911823647294967e-01 2.969213583474573426e+00
2.558717434869740015e-01 3.193725914208703998e+00
2.561523046092184508e-01 3.396728677461097412e+00
2.564328657314629556e-01 3.303859339367457348e+00
2.567134268537074604e-01 3.505898285202315279e+00
2.569939879759519652e-01 3.293388640515484411e+00
2.572745490981964145e-01 3.033675225057812952e+00
2.575551102204409193e-01 3.324939135101710797e+00
2.578356713426854241e-01 3.595564340755224908e+00
2.581162324649298734e-01 2.912982194937280944e+00
2.583967935871743782e-01 2.851002777669483290e+00
2.586773547094188830e-01 3.498136253402744700e+00
2.589579158316633878e-01 3.407410584559391609e+00
2.592384769539078371e-01 2.931150509021325234e+00
2.595190380761523419e-01 2.781140636435667002e+00
2.597995991983968467e-01 3.025930004109683935e+00
2.600801603206412960e-01 3.037008615139479506e+00
2.603607214428858008e-01 3.709531996073405224e+00
2.606412825651303056e-01 2.683761222409698721e+00
2.609218436873748104e-01 3.007052157691119554e+00
2.612024048096192597e-01 3.291274492582382472e+00
2.614829659318637645e-01 2.606020958717751856e+00
2.617635270541082693e-01 2.527503940856534737e+00
2.620440881763527186e-01 2.956295868858281217e+00
2.623246492985972234e-01 3.029895308976371382e+00
2.626052104208417282e-01 2.710792722190871196e+00
2.628857715430862330e-01 3.375073637370019863e+00
2.631663326653306823e-01 3.439362648695748703e+00
2.634468937875751871e-01 2.888615971421676143e+00
2.637274549098196919e-01 3.024319375370800422e+00
2.640080160320641411e-01 2.860038304636841389e+00
2.642885771543086459e-01 2.846865299867065158e+00
2.645691382765531507e-01 2.957443445262152082e+00
2.648496993987976555e-01 3.024220853203635428e+00
2.651302605210421603e-01 2.929332001900363913e+00
2.654108216432866096e-01 2.612153236269556977e+00
2.656913827655310589e-01 2.964503062929357835e+00
2.659719438877755637e-01 2.732138414415228755e+00
2.662525050100200685e-01 3.029350248287510539e+00
2.665330661322645733e-01 2.945975050949773077e+00
2.668136272545090781e-01 2.701304569299002534e+00
2.670941883767535829e-01 3.136833901071577113e+00
2.673747494989980322e-01 3.056219140097718778e+00
2.676553106212424815e-01 3.203791485443531872e+00
2.679358717434869863e-01 2.698660034227749360e+00
2.682164328657314911e-01 2.829097050565990035e+00
2.684969939879759959e-01 2.902047956436256015e+00
2.687775551102205007e-01 2.694901555815626626e+00
2.690581162324650055e-01 2.661756779096522418e+00
2.693386773547094548e-01 2.700590799318416835e+00
2.696192384769539041e-01 2.626090262864614111e+00
2.698997995991984089e-01 2.595959297394288434e+00
2.701803607214429137e-01 3.088439492117303065e+00
2.704609218436874185e-01 2.719512642328194119e+00
2.707414829659319233e-01 2.756264144700451446e+00
2.710220440881764281e-01 2.499707973867761002e+00
2.713026052104208774e-01 2.670974451420422557e+00
2.715831663326653267e-01 3.002231316405714168e+00
2.718637274549098315e-01 2.288152252431363110e+00
2.721442885771543363e-01 2.991695386655742084e+00
2.724248496993988411e-01 2.536519697377548788e+00
2.727054108216433459e-01 2.236449642332833498e+00
2.729859719438878507e-01 2.603212181304864092e+00
2.732665330661323000e-01 2.609600856476553155e+00
2.735470941883767493e-01 2.317153833983504718e+00
2.738276553106212541e-01 2.782600409250299389e+00
2.741082164328657589e-01 2.247475095574654080e+00
2.743887775551102637e-01 2.524507632781046951e+00
2.746693386773547685e-01 2.625534422649519861e+00
2.749498997995992733e-01 2.285979792037303948e+00
2.752304609218437226e-01 2.389877432627060205e+00
2.755110220440881719e-01 2.662030346585821938e+00
2.757915831663326767e-01 2.437164681583707804e+00
2.760721442885771815e-01 2.393098275426409405e+00
2.763527054108216863e-01 2.527891746010626051e+00
2.766332665330661911e-01 2.660731796233300805e+00
2.769138276553106959e-01 2.426792177279929241e+00
2.771943887775551452e-01 2.161163330860907728e+00
2.774749498997996500e-01 2.171824614461179248e+00
2.777555110220440993e-01 2.353136067756035565e+00
2.780360721442886041e-01 2.353816740776247141e+00
2.783166332665331089e-01 2.311305143881924540e+00
2.785971943887776137e-01 2.551200141487922401e+00
2.788777555110221185e-01 2.629222910332757124e+00
2.791583166332665678e-01 2.329139478449357092e+00
2.794388777555110726e-01 2.344405114392358325e+00
2.797194388777555218e-01 2.434397981287472756e+00
2.800000000000000266e-01 2.447395790404483851e+00
