lambda suscetibilidade
1.400000000000000133e-01 2.076320358797061338e+00
1.402805611222444904e-01 2.383396968206219046e+00
1.405611222444889952e-01 3.149000929009923233e+00
1.408416833667334722e-01 1.925536674285105665e+00
1.411222444889779770e-01 2.469443022414823830e+00
1.414028056112224541e-01 2.688007016752097300e+00
1.416833667334669589e-01 2.491511104595879544e+00
1.419639278557114359e-01 2.885034695548120087e+00
1.422444889779559130e-01 2.216902048510592582e+00
1.425250501002004178e-01 2.169067023675856909e+00
1.428056112224448948e-01 3.009600263926024422e+00
1.430861723446893996e-01 3.018974847080880153e+00
1.433667334669338767e-01 3.508963868633630412e+00
1.436472945891783815e-01 2.769548728910765867e+00
1.439278557114228585e-01 3.015685376672129436e+00
1.442084168336673355e-01 2.744576029796440775e+00
1.444889779559118403e-01 3.968460538434940510e+00
1.447695390781563174e-01 3.678886831294216453e+00
1.450501002004008222e-01 2.436324777757764348e+00
1.453306613226452992e-01 2.779114200945939750e+00
1.456112224448898040e-01 2.338257895984500401e+00
1.458917835671342811e-01 2.686890341505756119e+00
1.461723446893787859e-01 2.238149225394515440e+00
1.464529058116232629e-01 2.527788047732355547e+00
1.467334669338677400e-01 2.868534701811316978e+00
1.470140280561122448e-01 3.248589466635876999e+00
1.472945891783567218e-01 2.652944552633185626e+00
1.475751503006012266e-01 3.355966396126602636e+00
1.478557114228457037e-01 2.854745968752188556e+00
1.481362725450902085e-01 3.953940587890136360e+00
1.484168336673346855e-01 2.457482548256030963e+00
1.486973947895791626e-01 2.382216689087004458e+00
1.489779559118236674e-01 2.856551997324084713e+00
1.492585170340681444e-01 2.363147392313469375e+00
1.495390781563126492e-01 2.815622320377233478e+00
1.498196392785571263e-01 3.400888825403759697e+00
1.501002004008016311e-01 2.518915246496878702e+00
1.503807615230461081e-01 2.700104114510538000e+00
1.506613226452905852e-01 2.467561506345995248e+00
1.509418837675350900e-01 3.296751225509542138e+00
1.512224448897795670e-01 2.393662783896692847e+00
1.515030060120240718e-01 2.810015234567645237e+00
1.517835671342685488e-01 5.082870489177016893e+00
1.520641282565130536e-01 3.061897306646320871e+00
1.523446893787575307e-01 3.709349743820903544e+00
1.526252505010020077e-01 3.648321620147897182e+00
1.529058116232465125e-01 2.341690332478521874e+00
1.531863727454909896e-01 3.835572768209678518e+00
1.534669338677354944e-01 3.136854566727446336e+00
1.537474949899799714e-01 2.211353499156787805e+00
1.540280561122244762e-01 2.821388185920936209e+00
1.543086172344689533e-01 3.170365077178347146e+00
1.545891783567134303e-01 2.431471317411324495e+00
1.548697394789579351e-01 3.979983804141801418e+00
1.551503006012024122e-01 4.923861467735543229e+00
1.554308617234469170e-01 2.851931349893522594e+00
1.557114228456913940e-01 3.251234776338806309e+00
1.559919839679358988e-01 3.349073964958285021e+00
1.562725450901803759e-01 2.531043033973169543e+00
1.565531062124248529e-01 3.539682832241804800e+00
1.568336673346693577e-01 2.750378321111492497e+00
1.571142284569138348e-01 2.569787167657425542e+00
1.573947895791583396e-01 3.489828403875649521e+00
1.576753507014028166e-01 3.791494474116844593e+00
1.579559118236473214e-01 2.656650153750839571e+00
1.582364729458917985e-01 2.824701189240059307e+00
1.585170340681362755e-01 4.090321646651333687e+00
1.587975951903807803e-01 2.343324733922566239e+00
1.590781563126252574e-01 2.592865347153439970e+00
1.593587174348697622e-01 4.098515430166153273e+00
1.596392785571142392e-01 3.495391866181055462e+00
1.599198396793587440e-01 4.256259106065068742e+00
1.602004008016032210e-01 4.007334171531041989e+00
1.604809619238476981e-01 3.641959824003486279e+00
1.607615230460922029e-01 2.966228016533000389e+00
1.610420841683366799e-01 3.388561857628586527e+00
1.613226452905811847e-01 3.537038414814300147e+00
1.616032064128256618e-01 3.272193612831086007e+00
1.618837675350701666e-01 3.209554219273525355e+00
1.621643286573146436e-01 4.493210447060198121e+00
1.624448897795591207e-01 4.864235018295316237e+00
1.627254509018036255e-01 3.306230386076073113e+00
1.630060120240481025e-01 2.972373660987627453e+00
1.632865731462926073e-01 3.743618788175310463e+00
1.635671342685370844e-01 2.879975890087086210e+00
1.638476953907815892e-01 3.115243495445013000e+00
1.641282565130260662e-01 4.325821837556785177e+00
1.644088176352705433e-01 3.440346455435737916e+00
1.646893787575150481e-01 6.548063128652152010e+00
1.649699398797595251e-01 9.403707430210788587e+00
1.652505010020040299e-01 1.231785957494675543e+01
1.655310621242485070e-01 9.437974124373015528e+00
1.658116232464930118e-01 3.614797921746234266e+00
1.660921843687374888e-01 3.875059335389840598e+00
1.663727454909819936e-01 3.818697437577941667e+00
1.666533066132264707e-01 2.735514197311842644e+00
1.669338677354709755e-01 4.034689811541447568e+00
1.672144288577154525e-01 2.999639367397695988e+00
1.674949899799599295e-01 3.919867602338325430e+00
1.677755511022044344e-01 3.739552188943177757e+00
1.680561122244489114e-01 2.630088824329956942e+00
1.683366733466934162e-01 3.810760056149167241e+00
1.686172344689378932e-01 3.887833905295570158e+00
1.688977955911823980e-01 3.946844949052476625e+00
1.691783567134268751e-01 3.825359474374982138e+00
1.694589178356713521e-01 6.380780081138067494e+00
1.697394789579158569e-01 4.667583187444471982e+00
1.700200400801603340e-01 4.383587977531324675e+00
1.703006012024048388e-01 3.601240256840862131e+00
1.705811623246493158e-01 3.647000286249008294e+00
1.708617234468938206e-01 4.883320780102208936e+00
1.711422845691382977e-01 4.991373274499114387e+00
1.714228456913827747e-01 4.279624700271334348e+00
1.717034068136272795e-01 4.087888606419921800e+00
1.719839679358717566e-01 5.084674753772579159e+00
1.722645290581162614e-01 3.901748407597047219e+00
1.725450901803607384e-01 4.091647095394664646e+00
1.728256513026052432e-01 3.597001800790220472e+00
1.731062124248497203e-01 4.155196798789986268e+00
1.733867735470941973e-01 6.253615735108430052e+00
1.736673346693387021e-01 5.581462721792862958e+00
1.739478957915831792e-01 4.168354646803365426e+00
1.742284569138276840e-01 4.413103015740563073e+00
1.745090180360721610e-01 4.970329404478118995e+00
1.747895791583166658e-01 5.509986869378834307e+00
1.750701402805611429e-01 4.385493842725568747e+00
1.753507014028056199e-01 5.626946556779465425e+00
1.756312625250501247e-01 3.344752979784702429e+00
1.759118236472946017e-01 4.501834629071862715e+00
1.761923847695391065e-01 3.716193694588605823e+00
1.764729458917835836e-01 4.572164388495448151e+00
1.767535070140280884e-01 4.654961445396120112e+00
1.770340681362725654e-01 3.585337748924446899e+00
1.773146292585170425e-01 5.113768816417871399e+00
1.775951903807615473e-01 5.138824026068944839e+00
1.778757515030060243e-01 6.557650036050695519e+00
1.781563126252505291e-01 3.695971124908085326e+00
1.784368737474950062e-01 7.887994771421669604e+00
1.787174348697395110e-01 3.909968375406534413e+00
1.789979959919839880e-01 3.447956523449686284e+00
1.792785571142284651e-01 5.711738806408154900e+00
1.795591182364729699e-01 4.111053203017227986e+00
1.798396793587174469e-01 3.894679974611388928e+00
1.801202404809619517e-01 5.728776746236052375e+00
1.804008016032064288e-01 4.967586214655620225e+00
1.806813627254509336e-01 4.643199864548882339e+00
1.809619238476954106e-01 5.284690844635473894e+00
1.812424849699398877e-01 5.772075219788799672e+00
1.815230460921843925e-01 6.055880717655142575e+00
1.818036072144288695e-01 5.463684973453572624e+00
1.820841683366733743e-01 4.460035986651430306e+00
1.823647294589178514e-01 5.182307630478578453e+00
1.826452905811623562e-01 5.770464580256395415e+00
1.829258517034068332e-01 8.640791656119754194e+00
1.832064128256513102e-01 3.554522286580473533e+00
1.834869739478958151e-01 4.879972178602159261e+00
1.837675350701402921e-01 5.990096800320378279e+00
1.840480961923847969e-01 5.591653982155849967e+00
1.843286573146292739e-01 6.084378294464729109e+00
1.846092184368737787e-01 5.431231122840545211e+00
1.848897795591182558e-01 8.530589355884135472e+00
1.851703406813627328e-01 4.885409167863146607e+00
1.854509018036072376e-01 6.547339505048491937e+00
1.857314629258517147e-01 6.296652923347579645e+00
1.860120240480962195e-01 6.746040792158021659e+00
1.862925851703406965e-01 6.339667223815706798e+00
1.865731462925852013e-01 5.226558437112676536e+00
1.868537074148296784e-01 8.912159063766610601e+00
1.871342685370741554e-01 8.271209382579618463e+00
1.874148296593186602e-01 5.835062482136891937e+00
1.876953907815631650e-01 8.764134159040271044e+00
1.879759519038076421e-01 7.300697284678180132e+00
1.882565130260521191e-01 6.431052344596525749e+00
1.885370741482966239e-01 6.250368961582862148e+00
1.888176352705411010e-01 9.059225868955527616e+00
1.890981963927855780e-01 7.514579943489050784e+00
1.893787575150300828e-01 8.613650622360164988e+00
1.896593186372745876e-01 8.638766290453249397e+00
1.899398797595190647e-01 7.391949631055503289e+00
1.902204408817635417e-01 5.544074505678427300e+00
1.905010020040080465e-01 6.621159631014105429e+00
1.907815631262525236e-01 8.716530290455791530e+00
1.910621242484970006e-01 6.034621108359925046e+00
1.913426853707415054e-01 7.187098587981913589e+00
1.916232464929860102e-01 6.860494324985347170e+00
1.919038076152304872e-01 7.456285109247486886e+00
1.921843687374749643e-01 1.020280631475948319e+01
1.924649298597194691e-01 6.746304069974551787e+00
1.927454909819639461e-01 5.954488098148138064e+00
1.930260521042084232e-01 8.907026253550888839e+00
1.933066132264529280e-01 1.033955821513046303e+01
1.935871743486974328e-01 7.004135696689327339e+00
1.938677354709419098e-01 6.816088647107484633e+00
1.941482965931863869e-01 8.835834095900716889e+00
1.944288577154308917e-01 7.843511656556604983e+00
1.947094188376753687e-01 1.145923428962887591e+01
1.949899799599198458e-01 6.381997283616867911e+00
1.952705410821643506e-01 1.408972697513744343e+01
1.955511022044088554e-01 6.157355419929909424e+00
1.958316633266533324e-01 8.592487776785283415e+00
1.961122244488978095e-01 8.777780944009794695e+00
1.963927855711423143e-01 8.377583346679591259e+00
1.966733466933867913e-01 8.494381820889950419e+00
1.969539078156312684e-01 6.571318306482885063e+00
1.972344689378757732e-01 8.094804850754822922e+00
1.975150300601202780e-01 7.418238520534806923e+00
1.977955911823647550e-01 4.831219562294942094e+00
1.980761523046092321e-01 9.137324370405188745e+00
1.983567134268537369e-01 1.169638242153473051e+01
1.986372745490982139e-01 9.453285574209143505e+00
1.989178356713427187e-01 1.012153066095701881e+01
1.991983967935871958e-01 1.412640729162924380e+01
1.994789579158317006e-01 1.238262528397919304e+01
1.997595190380761776e-01 8.578574851507719146e+00
2.000400801603206546e-01 1.529596492017716791e+01
2.003206412825651594e-01 9.305099608709936021e+00
2.006012024048096365e-01 1.516820678056798855e+01
2.008817635270541413e-01 1.015465795714681541e+01
2.011623246492986183e-01 8.967524910094370583e+00
2.014428857715431231e-01 1.062040994182670239e+01
2.017234468937876002e-01 8.498944888068660219e+00
2.020040080160320772e-01 1.750157870279599948e+01
2.022845691382765820e-01 8.002694102735231851e+00
2.025651302605210868e-01 8.281010624537399778e+00
2.028456913827655361e-01 9.001111818514328178e+00
2.031262525050100409e-01 1.014614007475177004e+01
2.034068136272545457e-01 1.042845664157104402e+01
2.036873747494990228e-01 1.051126494488403829e+01
2.039679358717434998e-01 1.340124113001992256e+01
2.042484969939880046e-01 1.163642506791882880e+01
2.045290581162325094e-01 1.010414773122480447e+01
2.048096192384769587e-01 1.031426634584538071e+01
2.050901803607214635e-01 1.291194018169227853e+01
2.053707414829659683e-01 1.385422165045725507e+01
2.056513026052104454e-01 1.227337943439593460e+01
2.059318637274549224e-01 9.158145342021073887e+00
2.062124248496994272e-01 1.259284358724804775e+01
2.064929859719439320e-01 1.194946756843508950e+01
2.067735470941883813e-01 1.248627399148796790e+01
2.070541082164328861e-01 1.276245905032938310e+01
2.073346693386773909e-01 8.090726419100734645e+00
2.076152304609218679e-01 1.018374336872614272e+01
2.078957915831663450e-01 1.162878511226481315e+01
2.081763527054108498e-01 1.048399401950674381e+01
2.084569138276553546e-01 1.533110265441744779e+01
2.087374749498998316e-01 1.205986570563598725e+01
2.090180360721443087e-01 1.377439410174963541e+01
2.092985971943888135e-01 1.191980698649993897e+01
2.095791583166332905e-01 1.324957303436465139e+01
2.098597194388777676e-01 1.118398594931501577e+01
2.101402805611222724e-01 7.562041753907085884e+00
2.104208416833667772e-01 1.058363665822472832e+01
2.107014028056112542e-01 8.528881984971956598e+00
2.109819639278557313e-01 1.162705586696068849e+01
2.112625250501002361e-01 1.292232361071935465e+01
2.115430861723447131e-01 1.026029785154374707e+01
2.118236472945891902e-01 1.149565306009892574e+01
2.121042084168336950e-01 1.037990976461809112e+01
2.123847695390781998e-01 9.943921034385528657e+00
2.126653306613226768e-01 1.049220079516552495e+01
2.129458917835671539e-01 8.260749067855037708e+00
2.132264529058116587e-01 1.086309040272525195e+01
2.135070140280561357e-01 1.400076494810323346e+01
2.137875751503006128e-01 1.034714920266441318e+01
2.140681362725451176e-01 9.184441102836121473e+00
2.143486973947896224e-01 9.421980773207330628e+00
2.146292585170340994e-01 1.447089605423565573e+01
2.149098196392785765e-01 8.974013219554635157e+00
2.151903807615230813e-01 1.354129870218806175e+01
2.154709418837675583e-01 1.413755354465530267e+01
2.157515030060120353e-01 9.568657283912470390e+00
2.160320641282565401e-01 8.174790248034971896e+00
2.163126252505010449e-01 1.039370826460788422e+01
2.165931863727455220e-01 1.250367538918103705e+01
2.168737474949899990e-01 1.134772539219636478e+01
2.171543086172345038e-01 1.178305652809835102e+01
2.174348697394789809e-01 1.205324494943960723e+01
2.177154308617234579e-01 9.991179613296443662e+00
2.179959919839679627e-01 8.576634566848600372e+00
2.182765531062124675e-01 1.239719797186145200e+01
2.185571142284569446e-01 9.404538425945998981e+00
2.188376753507014216e-01 1.056539437294937578e+01
2.191182364729459264e-01 1.514976491087906574e+01
2.193987975951904035e-01 9.396929296917473806e+00
2.196793587174348805e-01 9.756958900707417115e+00
2.199599198396793853e-01 9.173101748491198748e+00
2.202404809619238901e-01 1.054471191958582210e+01
2.205210420841683672e-01 9.968326240576418584e+00
2.208016032064128442e-01 9.301721821985216465e+00
2.210821643286573490e-01 9.968606582350822976e+00
2.213627254509018261e-01 8.641188042992043350e+00
2.216432865731463031e-01 8.678396148111961139e+00
2.219238476953908079e-01 9.630077784942342234e+00
2.222044088176353127e-01 1.205713503226640526e+01
2.224849699398797898e-01 8.671803867426726598e+00
2.227655310621242668e-01 6.657366607134893144e+00
2.230460921843687716e-01 7.366199292805776011e+00
2.233266533066132487e-01 8.850998330160823713e+00
2.236072144288577257e-01 6.301556877542305202e+00
2.238877755511022305e-01 8.954005549888741200e+00
2.241683366733467353e-01 9.872017071929271026e+00
2.244488977955912123e-01 9.927362702063042832e+00
2.247294589178356894e-01 6.095805352578881120e+00
2.250100200400801942e-01 7.099168873285665704e+00
2.252905811623246712e-01 5.836113984077065275e+00
2.255711422845691483e-01 8.771473995236949150e+00
2.258517034068136531e-01 8.577105866859573879e+00
2.261322645290581579e-01 6.476263113311475195e+00
2.264128256513026349e-01 5.326033746542196745e+00
2.266933867735471120e-01 6.529235425574460905e+00
2.269739478957916168e-01 5.152327565415724564e+00
2.272545090180360938e-01 6.067698695810848974e+00
2.275350701402805709e-01 7.712017604213857958e+00
2.278156312625250757e-01 6.050655955171450273e+00
2.280961923847695805e-01 6.403691410015077246e+00
2.283767535070140575e-01 8.612683358293667268e+00
2.286573146292585346e-01 5.601569303675046463e+00
2.289378757515030394e-01 5.619087316236917040e+00
2.292184368737475442e-01 6.211041909498087321e+00
2.294989979959919935e-01 7.018872961943444011e+00
2.297795591182364983e-01 6.686938376444151899e+00
2.300601202404810031e-01 7.716858211573653037e+00
2.303406813627254801e-01 6.530243230897506024e+00
2.306212424849699572e-01 5.437481503588405651e+00
2.309018036072144620e-01 6.461689905764560926e+00
2.311823647294589668e-01 6.288378507570051568e+00
2.314629258517034160e-01 9.181697087593510886e+00
2.317434869739479208e-01 5.787369557762837680e+00
2.320240480961924256e-01 6.554332999293833950e+00
2.323046092184369027e-01 4.886060651050025960e+00
2.325851703406813797e-01 6.729254145696039302e+00
2.328657314629258845e-01 7.676479753434890085e+00
2.331462925851703893e-01 6.744724177926485709e+00
2.334268537074148386e-01 6.022412483151585505e+00
2.337074148296593434e-01 6.108027200407830648e+00
2.339879759519038482e-01 6.288828008159783600e+00
2.342685370741483253e-01 3.956392277645005784e+00
2.345490981963928023e-01 6.049870570266436154e+00
2.348296593186373071e-01 6.483068479856115118e+00
2.351102204408818119e-01 5.530238993851773088e+00
2.353907815631262890e-01 5.329960457266063933e+00
2.356713426853707660e-01 5.871742271081068054e+00
2.359519038076152708e-01 5.718226985992620470e+00
2.362324649298597479e-01 5.670907346340039012e+00
2.365130260521042249e-01 4.975050090043857232e+00
2.367935871743487297e-01 5.727078544243212832e+00
2.370741482965932345e-01 4.840326228684739718e+00
2.373547094188377116e-01 5.776444473062955609e+00
2.376352705410821886e-01 5.973232538550252713e+00
2.379158316633266934e-01 6.828113565419432263e+00
2.381963927855711705e-01 5.183424588315891590e+00
2.384769539078156475e-01 5.153848751199928024e+00
2.387575150300601523e-01 5.473944367883197160e+00
2.390380761523046571e-01 4.697502511822413851e+00
2.393186372745491342e-01 5.440504405498536755e+00
2.395991983967936112e-01 6.037218908369106352e+00
2.398797595190381160e-01 4.433817994500683035e+00
2.401603206412825930e-01 5.319220802974106377e+00
2.404408817635270701e-01 5.173277183377159361e+00
2.407214428857715749e-01 5.549155986179980182e+00
2.410020040080160797e-01 4.373068214595687841e+00
2.412825651302605567e-01 5.615098369057849759e+00
2.415631262525050338e-01 5.194493586805891461e+00
2.418436873747495386e-01 4.264985802176087581e+00
2.421242484969940156e-01 4.407608848870307128e+00
2.424048096192384927e-01 5.162471511251810696e+00
2.426853707414829975e-01 4.054188546539457150e+00
2.429659318637275023e-01 4.281077379968491137e+00
2.432464929859719793e-01 4.527414021101721531e+00
2.435270541082164564e-01 3.939274800487615469e+00
2.438076152304609612e-01 4.351518828290959817e+00
2.440881763527054382e-01 4.140663082283708718e+00
2.443687374749499153e-01 3.970039081337128906e+00
2.446492985971944201e-01 3.564721790757908515e+00
2.449298597194389249e-01 5.258109211439922603e+00
2.452104208416834019e-01 5.518228671639246130e+00
2.454909819639278790e-01 4.342097206960395361e+00
2.457715430861723838e-01 4.056803690957515585e+00
2.460521042084168608e-01 4.359818681148255770e+00
2.463326653306613379e-01 3.489101748075191356e+00
2.466132264529058427e-01 3.866298106909611398e+00
2.468937875751503475e-01 4.279414454236303733e+00
2.471743486973948245e-01 3.469380648742099726e+00
2.474549098196393015e-01 3.951710286220656343e+00
2.477354709418838064e-01 3.761433334890818880e+00
2.480160320641282834e-01 3.564231703935121232e+00
2.482965931863727604e-01 3.759648587260414399e+00
2.485771543086172652e-01 3.558514885968664387e+00
2.488577154308617700e-01 3.854929069373817185e+00
2.491382765531062471e-01 3.942201634962680945e+00
2.494188376753507241e-01 3.502709119781683089e+00
2.496993987975952289e-01 3.706128283749868135e+00
2.499799599198397060e-01 3.087078705183215810e+00
2.502605210420841830e-01 4.082631336216509865e+00
2.505410821643286878e-01 3.548572370072756499e+00
2.508216432865731926e-01 3.606308026888834117e+00
2.511022044088176974e-01 3.859861288212182107e+00
2.513827655310621467e-01 3.483127835699018959e+00
2.516633266533066515e-01 3.745627976978200824e+00
2.519438877755511008e-01 3.864487757857583805e+00
2.522244488977956056e-01 3.838015865252058845e+00
2.525050100200401104e-01 3.321940854230223117e+00
2.527855711422846152e-01 3.555873028943773662e+00
2.530661322645291200e-01 3.392221528511619955e+00
2.533466933867735693e-01 3.622665119423615021e+00
2.536272545090180741e-01 3.615854359884993041e+00
2.539078156312625234e-01 3.240103754980260042e+00
2.541883767535070282e-01 3.460512324766540804e+00
2.544689378757515330e-01 3.392945323149370918e+00
2.547494989979960378e-01 3.392477106270467502e+00
2.550300601202405426e-01 3.445870392238508551e+00
2.553106212424849919e-01 3.436439517859002368e+00
2.555911823647294967e-01 3.441993560990117107e+00
2.558717434869740015e-01 4.277586587925678252e+00
2.561523046092184508e-01 3.805474525208015990e+00
2.564328657314629556e-01 3.400367983719284393e+00
2.567134268537074604e-01 3.534461175108240649e+00
2.569939879759519652e-01 3.103542913823521765e+00
2.572745490981964145e-01 3.608316079324411341e+00
2.575551102204409193e-01 3.680065106872716374e+00
2.578356713426854241e-01 2.842060302842287278e+00
2.581162324649298734e-01 3.440378596020768676e+00
2.583967935871743782e-01 3.411627856309483509e+00
2.586773547094188830e-01 3.233343915431119875e+00
2.589579158316633878e-01 3.260790010650779891e+00
2.592384769539078371e-01 2.960739952170220679e+00
2.595190380761523419e-01 3.176109556870859940e+00
2.597995991983968467e-01 2.758985842862674787e+00
2.600801603206412960e-01 3.263717659131525561e+00
2.603607214428858008e-01 3.268663644769666643e+00
2.606412825651303056e-01 2.835848566649358027e+00
2.609218436873748104e-01 2.655932004334965679e+00
2.612024048096192597e-01 3.785257927584672277e+00
2.614829659318637645e-01 3.484145682550917833e+00
2.617635270541082693e-01 2.848417479509365524e+00
2.620440881763527186e-01 2.986730779267775748e+00
2.623246492985972234e-01 2.797617795449033551e+00
2.626052104208417282e-01 2.687197966120168147e+00
2.628857715430862330e-01 2.955819387107357699e+00
2.631663326653306823e-01 3.425461346451039280e+00
2.634468937875751871e-01 3.342582056106046640e+00
2.637274549098196919e-01 2.962731865944356446e+00
2.640080160320641411e-01 3.296557922171782451e+00
2.642885771543086459e-01 3.164917875233809408e+00
2.645691382765531507e-01 3.328339705669789872e+00
2.648496993987976555e-01 2.814325541247417739e+00
2.651302605210421603e-01 2.997819983340592742e+00
2.654108216432866096e-01 2.513564564269759938e+00
2.656913827655310589e-01 2.271463167994375532e+00
2.659719438877755637e-01 2.399076728976372586e+00
2.662525050100200685e-01 2.924633613949416677e+00
2.665330661322645733e-01 3.279502008478015540e+00
2.668136272545090781e-01 3.069728530432448643e+00
2.670941883767535829e-01 2.667519313144095072e+00
2.673747494989980322e-01 2.949662730468843197e+00
2.676553106212424815e-01 3.018791949219972626e+00
2.679358717434869863e-01 2.683755163523882992e+00
2.682164328657314911e-01 2.395029886268339236e+00
2.684969939879759959e-01 2.343437734418365448e+00
2.687775551102205007e-01 3.318414669076060974e+00
2.690581162324650055e-01 2.622421265143361158e+00
2.693386773547094548e-01 2.812225781540941494e+00
2.696192384769539041e-01 2.617094879626361337e+00
2.698997995991984089e-01 2.373409081517616315e+00
2.701803607214429137e-01 2.446813593653188956e+00
2.704609218436874185e-01 2.886532040735428684e+00
2.707414829659319233e-01 2.816734996631355070e+00
2.710220440881764281e-01 2.305551184226159123e+00
2.713026052104208774e-01 2.937749706418361306e+00
2.715831663326653267e-01 2.500927473382895450e+00
2.718637274549098315e-01 2.547910934364888913e+00
2.721442885771543363e-01 2.336019108272480160e+00
2.724248496993988411e-01 2.860592432040347077e+00
2.727054108216433459e-01 2.327416474019180725e+00
2.729859719438878507e-01 2.355152199024790338e+00
2.732665330661323000e-01 2.709417329912530814e+00
2.735470941883767493e-01 2.268736936541019489e+00
2.738276553106212541e-01 2.425876845427110240e+00
2.741082164328657589e-01 2.311709562500308568e+00
2.743887775551102637e-01 2.493321421962114925e+00
2.746693386773547685e-01 2.751183684055968026e+00
2.749498997995992733e-01 2.675658209342173244e+00
2.752304609218437226e-01 2.688325354150078894e+00
2.755110220440881719e-01 2.432548799577893384e+00
2.757915831663326767e-01 2.323653324757851468e+00
2.760721442885771815e-01 2.664765819082123066e+00
2.763527054108216863e-01 2.661538507512476226e+00
2.766332665330661911e-01 2.741689793017347831e+00
2.769138276553106959e-01 2.504959724234862239e+00
2.771943887775551452e-01 2.206736121443031440e+00
2.774749498997996500e-01 2.463338595699155142e+00
2.777555110220440993e-01 2.451249535882418229e+00
2.780360721442886041e-01 2.291032939972014848e+00
2.783166332665331089e-01 2.344858731800975704e+00
2.785971943887776137e-01 2.301252764871405176e+00
2.788777555110221185e-01 2.640720915273203406e+00
2.791583166332665678e-01 2.442610904253964321e+00
2.794388777555110726e-01 2.294884926285059468e+00
2.797194388777555218e-01 2.205708823985904843e+00
2.800000000000000266e-01 2.465995881069563911e+00
