lambda suscetibilidade
1.400000000000000133e-01 2.141683932638267507e+00
1.402805611222444904e-01 2.327813133189321260e+00
1.405611222444889952e-01 2.078892572345843348e+00
1.408416833667334722e-01 2.029887066461069978e+00
1.411222444889779770e-01 2.066363602984190528e+00
1.414028056112224541e-01 1.973410915744064242e+00
1.416833667334669589e-01 2.463638609349156905e+00
1.419639278557114359e-01 2.178859928539068402e+00
1.422444889779559130e-01 2.525048075669843239e+00
1.425250501002004178e-01 2.369610208799666662e+00
1.428056112224448948e-01 2.058623805343278157e+00
1.430861723446893996e-01 2.505009754130316679e+00
1.433667334669338767e-01 2.243031797020579976e+00
1.436472945891783815e-01 2.473805720681057974e+00
1.439278557114228585e-01 2.270390660899405777e+00
1.442084168336673355e-01 2.347803873469091140e+00
1.444889779559118403e-01 2.267080543400112003e+00
1.447695390781563174e-01 2.825479907268137580e+00
1.450501002004008222e-01 2.103235713077884483e+00
1.453306613226452992e-01 2.167432324217993589e+00
1.456112224448898040e-01 2.544540328062099732e+00
1.458917835671342811e-01 2.215616766409489014e+00
1.461723446893787859e-01 2.007301850069651561e+00
1.464529058116232629e-01 2.302225209599315203e+00
1.467334669338677400e-01 2.153130826408088616e+00
1.470140280561122448e-01 2.735346009979107595e+00
1.472945891783567218e-01 2.223497147590456802e+00
1.475751503006012266e-01 2.534205294704819700e+00
1.478557114228457037e-01 2.315573010854746538e+00
1.481362725450902085e-01 2.231149229278477808e+00
1.484168336673346855e-01 2.489866134642290785e+00
1.486973947895791626e-01 3.047768581629341167e+00
1.489779559118236674e-01 3.622432503911169110e+00
1.492585170340681444e-01 2.351996152971512544e+00
1.495390781563126492e-01 2.228531037519421609e+00
1.498196392785571263e-01 3.863828204804703681e+00
1.501002004008016311e-01 2.168050865297830754e+00
1.503807615230461081e-01 2.299688951222627509e+00
1.506613226452905852e-01 3.529044532840504900e+00
1.509418837675350900e-01 2.728974456647029978e+00
1.512224448897795670e-01 2.285042274857341571e+00
1.515030060120240718e-01 2.364523544914875153e+00
1.517835671342685488e-01 1.828770391295398756e+00
1.520641282565130536e-01 4.239902039472798201e+00
1.523446893787575307e-01 2.409363989879027113e+00
1.526252505010020077e-01 3.292614418611098159e+00
1.529058116232465125e-01 2.251647526094602725e+00
1.531863727454909896e-01 2.365902170457873321e+00
1.534669338677354944e-01 2.918431842574951141e+00
1.537474949899799714e-01 3.586463088360692719e+00
1.540280561122244762e-01 2.136645939857272580e+00
1.543086172344689533e-01 2.707784928492890320e+00
1.545891783567134303e-01 3.178376903690796951e+00
1.548697394789579351e-01 3.686103051124532293e+00
1.551503006012024122e-01 3.993897601802711694e+00
1.554308617234469170e-01 2.253866587463924098e+00
1.557114228456913940e-01 2.738109333156874658e+00
1.559919839679358988e-01 3.387069324504064394e+00
1.562725450901803759e-01 3.190825450752152737e+00
1.565531062124248529e-01 2.837410668256401536e+00
1.568336673346693577e-01 3.702118182168007365e+00
1.571142284569138348e-01 3.649069752209880058e+00
1.573947895791583396e-01 3.109147882958286591e+00
1.576753507014028166e-01 2.729431078226088658e+00
1.579559118236473214e-01 3.147934285452353098e+00
1.582364729458917985e-01 3.416606233078426147e+00
1.585170340681362755e-01 4.070051547137071957e+00
1.587975951903807803e-01 4.060793748793995128e+00
1.590781563126252574e-01 3.529010560008646546e+00
1.593587174348697622e-01 2.386468413565805413e+00
1.596392785571142392e-01 2.645313432748396032e+00
1.599198396793587440e-01 3.165830211953982065e+00
1.602004008016032210e-01 2.763709081890816321e+00
1.604809619238476981e-01 2.457189229720424528e+00
1.607615230460922029e-01 2.180488230095587454e+00
1.610420841683366799e-01 2.911973110560955202e+00
1.613226452905811847e-01 2.885320010341719588e+00
1.616032064128256618e-01 3.304742137746693231e+00
1.618837675350701666e-01 3.226898444173991187e+00
1.621643286573146436e-01 2.965225626055519648e+00
1.624448897795591207e-01 2.711185352484251077e+00
1.627254509018036255e-01 2.476630128034238876e+00
1.630060120240481025e-01 3.021205960513595024e+00
1.632865731462926073e-01 2.819660621348307750e+00
1.635671342685370844e-01 3.642979970722825200e+00
1.638476953907815892e-01 3.233311760218466002e+00
1.641282565130260662e-01 2.857403816513724770e+00
1.644088176352705433e-01 2.668819183811948381e+00
1.646893787575150481e-01 3.043463532586318632e+00
1.649699398797595251e-01 3.716490351174240203e+00
1.652505010020040299e-01 3.427072062498072835e+00
1.655310621242485070e-01 3.388950692373330575e+00
1.658116232464930118e-01 3.242820094946140763e+00
1.660921843687374888e-01 4.147177681393749538e+00
1.663727454909819936e-01 3.855098716158971150e+00
1.666533066132264707e-01 4.134542049212391213e+00
1.669338677354709755e-01 3.333541687987286117e+00
1.672144288577154525e-01 3.164190589395628361e+00
1.674949899799599295e-01 3.570641255449835683e+00
1.677755511022044344e-01 3.068989571689753060e+00
1.680561122244489114e-01 4.062433592658219794e+00
1.683366733466934162e-01 2.619809541820326881e+00
1.686172344689378932e-01 3.958575406549673659e+00
1.688977955911823980e-01 2.636158795150233214e+00
1.691783567134268751e-01 3.567524848930424319e+00
1.694589178356713521e-01 3.818056133616322345e+00
1.697394789579158569e-01 3.952052292179257797e+00
1.700200400801603340e-01 5.572683830233554403e+00
1.703006012024048388e-01 3.419088543211951325e+00
1.705811623246493158e-01 4.668735454275818597e+00
1.708617234468938206e-01 3.688781235971803518e+00
1.711422845691382977e-01 3.077796001142008020e+00
1.714228456913827747e-01 5.101304386330877350e+00
1.717034068136272795e-01 5.936048841057245617e+00
1.719839679358717566e-01 4.302262422770851913e+00
1.722645290581162614e-01 3.740514877825365847e+00
1.725450901803607384e-01 4.483620007494089066e+00
1.728256513026052432e-01 3.790536365597118706e+00
1.731062124248497203e-01 4.954287914139150928e+00
1.733867735470941973e-01 3.903670824807835338e+00
1.736673346693387021e-01 3.956601050616965765e+00
1.739478957915831792e-01 3.957718625170028481e+00
1.742284569138276840e-01 4.458946223539133946e+00
1.745090180360721610e-01 4.643859324641886666e+00
1.747895791583166658e-01 5.349190190068458861e+00
1.750701402805611429e-01 3.063497132157535052e+00
1.753507014028056199e-01 4.074897478803397810e+00
1.756312625250501247e-01 4.093582086006329668e+00
1.759118236472946017e-01 4.806308246573086862e+00
1.761923847695391065e-01 4.826219435050907336e+00
1.764729458917835836e-01 3.984124373664518881e+00
1.767535070140280884e-01 5.368189908295584623e+00
1.770340681362725654e-01 4.512092849047430576e+00
1.773146292585170425e-01 8.772142092047877426e+00
1.775951903807615473e-01 5.460747453033568455e+00
1.778757515030060243e-01 6.297957226234029982e+00
1.781563126252505291e-01 9.183419436420036774e+00
1.784368737474950062e-01 4.246712146922632769e+00
1.787174348697395110e-01 5.037039367793810563e+00
1.789979959919839880e-01 4.063051994090971064e+00
1.792785571142284651e-01 5.221077917811848046e+00
1.795591182364729699e-01 4.728250282395899617e+00
1.798396793587174469e-01 3.996294054856620370e+00
1.801202404809619517e-01 5.039842111376202638e+00
1.804008016032064288e-01 4.165985562979507506e+00
1.806813627254509336e-01 3.639052051701792134e+00
1.809619238476954106e-01 6.336309630102231694e+00
1.812424849699398877e-01 6.756530344214903394e+00
1.815230460921843925e-01 6.300598441950436168e+00
1.818036072144288695e-01 5.577910762961895585e+00
1.820841683366733743e-01 5.040035102057558447e+00
1.823647294589178514e-01 4.879617190178486830e+00
1.826452905811623562e-01 5.716060076317455163e+00
1.829258517034068332e-01 8.169057054683035446e+00
1.832064128256513102e-01 5.892033367389908349e+00
1.834869739478958151e-01 6.333492510346559357e+00
1.837675350701402921e-01 4.432703091175259402e+00
1.840480961923847969e-01 5.571499782327825834e+00
1.843286573146292739e-01 5.429507488042569996e+00
1.846092184368737787e-01 6.682858716267226384e+00
1.848897795591182558e-01 6.048778130241117879e+00
1.851703406813627328e-01 1.053354755077703508e+01
1.854509018036072376e-01 4.040527290852446995e+00
1.857314629258517147e-01 3.845189234132677214e+00
1.860120240480962195e-01 6.050083017294676679e+00
1.862925851703406965e-01 4.279869423870973577e+00
1.865731462925852013e-01 4.244120903516439114e+00
1.868537074148296784e-01 7.416296983711011315e+00
1.871342685370741554e-01 5.856373140783428077e+00
1.874148296593186602e-01 5.273691105880414121e+00
1.876953907815631650e-01 6.790154432180464106e+00
1.879759519038076421e-01 8.467192913533185816e+00
1.882565130260521191e-01 6.579580932552721251e+00
1.885370741482966239e-01 5.926999862940820485e+00
1.888176352705411010e-01 7.041011746873964583e+00
1.890981963927855780e-01 7.983921293655129148e+00
1.893787575150300828e-01 4.423297174650672403e+00
1.896593186372745876e-01 7.302829306471234183e+00
1.899398797595190647e-01 8.165289709017079289e+00
1.902204408817635417e-01 5.726628060460980940e+00
1.905010020040080465e-01 5.633893697197176031e+00
1.907815631262525236e-01 8.859215517725335332e+00
1.910621242484970006e-01 5.781772126177702198e+00
1.913426853707415054e-01 9.195308348561018974e+00
1.916232464929860102e-01 6.847095668635185817e+00
1.919038076152304872e-01 9.582355262066018398e+00
1.921843687374749643e-01 9.808769580151874834e+00
1.924649298597194691e-01 1.188420451567396441e+01
1.927454909819639461e-01 1.000044502243029143e+01
1.930260521042084232e-01 1.076560625544322569e+01
1.933066132264529280e-01 6.509933472194052939e+00
1.935871743486974328e-01 6.594748415942255804e+00
1.938677354709419098e-01 5.997587689410826428e+00
1.941482965931863869e-01 6.414902445835510392e+00
1.944288577154308917e-01 7.346101154619463891e+00
1.947094188376753687e-01 1.095419951293680150e+01
1.949899799599198458e-01 1.352001874312819041e+01
1.952705410821643506e-01 5.189254312254263368e+00
1.955511022044088554e-01 6.287405959121064924e+00
1.958316633266533324e-01 1.341495178947728206e+01
1.961122244488978095e-01 7.340541828396170310e+00
1.963927855711423143e-01 8.048611129925241414e+00
1.966733466933867913e-01 7.698369815575627051e+00
1.969539078156312684e-01 1.610029323984900884e+01
1.972344689378757732e-01 7.963104574491262966e+00
1.975150300601202780e-01 8.253703451518891399e+00
1.977955911823647550e-01 7.543563219203932135e+00
1.980761523046092321e-01 6.841752220151579245e+00
1.983567134268537369e-01 8.861642175303018121e+00
1.986372745490982139e-01 1.085764820584610213e+01
1.989178356713427187e-01 7.156841171046806060e+00
1.991983967935871958e-01 6.403362065148315629e+00
1.994789579158317006e-01 7.988083481407116437e+00
1.997595190380761776e-01 8.762758350132713758e+00
2.000400801603206546e-01 1.120144482474918135e+01
2.003206412825651594e-01 1.042287050142862626e+01
2.006012024048096365e-01 6.894074814727196632e+00
2.008817635270541413e-01 1.326058001453486845e+01
2.011623246492986183e-01 1.093723118350630052e+01
2.014428857715431231e-01 7.061407084964363534e+00
2.017234468937876002e-01 9.210491076148494827e+00
2.020040080160320772e-01 8.532954498806001098e+00
2.022845691382765820e-01 9.720337606832819333e+00
2.025651302605210868e-01 9.240540279160601500e+00
2.028456913827655361e-01 7.090622804760763565e+00
2.031262525050100409e-01 1.227179705051857539e+01
2.034068136272545457e-01 1.069255541015001754e+01
2.036873747494990228e-01 7.455788657439372358e+00
2.039679358717434998e-01 1.046262171402229235e+01
2.042484969939880046e-01 8.796133652451374019e+00
2.045290581162325094e-01 1.472620116887572372e+01
2.048096192384769587e-01 9.408739760794762930e+00
2.050901803607214635e-01 1.119115087350629345e+01
2.053707414829659683e-01 1.181715872239652576e+01
2.056513026052104454e-01 1.202542237374140655e+01
2.059318637274549224e-01 9.165671930484666774e+00
2.062124248496994272e-01 1.402199949539719981e+01
2.064929859719439320e-01 1.046358024501613571e+01
2.067735470941883813e-01 9.595310646563808277e+00
2.070541082164328861e-01 9.056144365727767820e+00
2.073346693386773909e-01 1.368420029556757989e+01
2.076152304609218679e-01 1.324651281878303699e+01
2.078957915831663450e-01 1.146730587835288340e+01
2.081763527054108498e-01 9.115835917049041726e+00
2.084569138276553546e-01 1.489786213139053928e+01
2.087374749498998316e-01 1.302702943146513803e+01
2.090180360721443087e-01 1.106853803307140360e+01
2.092985971943888135e-01 9.969009142215966790e+00
2.095791583166332905e-01 8.091492065067336981e+00
2.098597194388777676e-01 1.134496318498794132e+01
2.101402805611222724e-01 9.539405594033359748e+00
2.104208416833667772e-01 1.465276777603680003e+01
2.107014028056112542e-01 1.321582093180590256e+01
2.109819639278557313e-01 1.386641884694646620e+01
2.112625250501002361e-01 1.060497642375018756e+01
2.115430861723447131e-01 1.799360207789127131e+01
2.118236472945891902e-01 1.142974884527185253e+01
2.121042084168336950e-01 8.533523239293252516e+00
2.123847695390781998e-01 1.316757742581352630e+01
2.126653306613226768e-01 1.487876811591308446e+01
2.129458917835671539e-01 1.078026288626153217e+01
2.132264529058116587e-01 1.089730818558157921e+01
2.135070140280561357e-01 1.316399028158239837e+01
2.137875751503006128e-01 1.032506554014097588e+01
2.140681362725451176e-01 9.011162487667162324e+00
2.143486973947896224e-01 1.483457262477448779e+01
2.146292585170340994e-01 8.246346618289564390e+00
2.149098196392785765e-01 1.244268761520046773e+01
2.151903807615230813e-01 1.132685780146323218e+01
2.154709418837675583e-01 1.069970225407059772e+01
2.157515030060120353e-01 9.671264079485318632e+00
2.160320641282565401e-01 1.468729227779887481e+01
2.163126252505010449e-01 1.039615115048141192e+01
2.165931863727455220e-01 9.996942901235872370e+00
2.168737474949899990e-01 1.058668567718235565e+01
2.171543086172345038e-01 1.087429201950573621e+01
2.174348697394789809e-01 7.823914451681786453e+00
2.177154308617234579e-01 7.829397223252253291e+00
2.179959919839679627e-01 1.197972499994228457e+01
2.182765531062124675e-01 8.783870799366571447e+00
2.185571142284569446e-01 1.356917139456198207e+01
2.188376753507014216e-01 1.087437201532404529e+01
2.191182364729459264e-01 1.149101906267933870e+01
2.193987975951904035e-01 9.697960482424194950e+00
2.196793587174348805e-01 8.232283030134079027e+00
2.199599198396793853e-01 8.959482105207319691e+00
2.202404809619238901e-01 9.233284813741953201e+00
2.205210420841683672e-01 1.010323387122308247e+01
2.208016032064128442e-01 9.098721003445112032e+00
2.210821643286573490e-01 1.009114359888537038e+01
2.213627254509018261e-01 1.029997424496004399e+01
2.216432865731463031e-01 8.903287681775625018e+00
2.219238476953908079e-01 8.167512989905803877e+00
2.222044088176353127e-01 1.045419383323597273e+01
2.224849699398797898e-01 1.020724311266283557e+01
2.227655310621242668e-01 7.553861520555211762e+00
2.230460921843687716e-01 7.759806996027589499e+00
2.233266533066132487e-01 8.451617709443238979e+00
2.236072144288577257e-01 8.519360758650204701e+00
2.238877755511022305e-01 7.111958873876697673e+00
2.241683366733467353e-01 8.090382028137902637e+00
2.244488977955912123e-01 7.890853206775199524e+00
2.247294589178356894e-01 8.966962637265032399e+00
2.250100200400801942e-01 9.316654596485072659e+00
2.252905811623246712e-01 8.353211240418515260e+00
2.255711422845691483e-01 7.027631211136861289e+00
2.258517034068136531e-01 7.277102560847508173e+00
2.261322645290581579e-01 7.644104274268881838e+00
2.264128256513026349e-01 6.436298953679011170e+00
2.266933867735471120e-01 7.567032588857580677e+00
2.269739478957916168e-01 6.734585170644344032e+00
2.272545090180360938e-01 7.243543483937690652e+00
2.275350701402805709e-01 8.669117307733237965e+00
2.278156312625250757e-01 5.991681372235592384e+00
2.280961923847695805e-01 6.876519870167109971e+00
2.283767535070140575e-01 6.525037655025205829e+00
2.286573146292585346e-01 8.174340591552709867e+00
2.289378757515030394e-01 6.003868847718649704e+00
2.292184368737475442e-01 6.689834099966637915e+00
2.294989979959919935e-01 7.039762876066073538e+00
2.297795591182364983e-01 6.289812822475076004e+00
2.300601202404810031e-01 5.131656283579696165e+00
2.303406813627254801e-01 6.717068637036484269e+00
2.306212424849699572e-01 5.364382783373732977e+00
2.309018036072144620e-01 5.272532547276743919e+00
2.311823647294589668e-01 5.398753910074177931e+00
2.314629258517034160e-01 5.474214758489458710e+00
2.317434869739479208e-01 7.663333651440590089e+00
2.320240480961924256e-01 5.474937373465020407e+00
2.323046092184369027e-01 6.036348256082796127e+00
2.325851703406813797e-01 7.120266140463074933e+00
2.328657314629258845e-01 7.959628859266572043e+00
2.331462925851703893e-01 6.587326947396618060e+00
2.334268537074148386e-01 6.043338221263458543e+00
2.337074148296593434e-01 4.895533143173004476e+00
2.339879759519038482e-01 7.395770787408718405e+00
2.342685370741483253e-01 5.797913932835245809e+00
2.345490981963928023e-01 5.138631036731803547e+00
2.348296593186373071e-01 5.758682941872197425e+00
2.351102204408818119e-01 6.401088732520575419e+00
2.353907815631262890e-01 5.138191014311296989e+00
2.356713426853707660e-01 6.478593880005875327e+00
2.359519038076152708e-01 5.943651190359508618e+00
2.362324649298597479e-01 5.369750945085647764e+00
2.365130260521042249e-01 6.431791959752682253e+00
2.367935871743487297e-01 4.793253198549448868e+00
2.370741482965932345e-01 4.926115780377489983e+00
2.373547094188377116e-01 4.230189519805882981e+00
2.376352705410821886e-01 5.002966154627570106e+00
2.379158316633266934e-01 5.324367900380218011e+00
2.381963927855711705e-01 5.323179369520095072e+00
2.384769539078156475e-01 4.875704890765703681e+00
2.387575150300601523e-01 4.322612249009715413e+00
2.390380761523046571e-01 4.243988745384023709e+00
2.393186372745491342e-01 5.298015047092003549e+00
2.395991983967936112e-01 5.406616869215525867e+00
2.398797595190381160e-01 5.577930135316025329e+00
2.401603206412825930e-01 3.914757416203759277e+00
2.404408817635270701e-01 4.078899587366872304e+00
2.407214428857715749e-01 5.114797479550754034e+00
2.410020040080160797e-01 5.088614761036091672e+00
2.412825651302605567e-01 5.495204681899553911e+00
2.415631262525050338e-01 4.625730336466391535e+00
2.418436873747495386e-01 4.112730017324683018e+00
2.421242484969940156e-01 4.737155207961778913e+00
2.424048096192384927e-01 3.898644168696878243e+00
2.426853707414829975e-01 4.085579529181389447e+00
2.429659318637275023e-01 4.392630454812247898e+00
2.432464929859719793e-01 4.169050678305803892e+00
2.435270541082164564e-01 4.687327898694407580e+00
2.438076152304609612e-01 5.203802343161512134e+00
2.440881763527054382e-01 4.766904236652714566e+00
2.443687374749499153e-01 3.448526314191723063e+00
2.446492985971944201e-01 4.420549900739621840e+00
2.449298597194389249e-01 3.798686413277478913e+00
2.452104208416834019e-01 4.560441317418541196e+00
2.454909819639278790e-01 4.963977140315202874e+00
2.457715430861723838e-01 4.401392446614626586e+00
2.460521042084168608e-01 4.603500037322174165e+00
2.463326653306613379e-01 4.481948788636034742e+00
2.466132264529058427e-01 4.610302348134815986e+00
2.468937875751503475e-01 3.963111380078197410e+00
2.471743486973948245e-01 4.208760951972344344e+00
2.474549098196393015e-01 3.700251525489620441e+00
2.477354709418838064e-01 3.532690811433134126e+00
2.480160320641282834e-01 3.721117614897363701e+00
2.482965931863727604e-01 3.802738216843637442e+00
2.485771543086172652e-01 3.502113550841934320e+00
2.488577154308617700e-01 3.796964461178706784e+00
2.491382765531062471e-01 4.476092037889726427e+00
2.494188376753507241e-01 3.742277484246635755e+00
2.496993987975952289e-01 3.877920912726885661e+00
2.499799599198397060e-01 4.164172345545117615e+00
2.502605210420841830e-01 4.005674123617603222e+00
2.505410821643286878e-01 3.257956895257842600e+00
2.508216432865731926e-01 3.347535116882377704e+00
2.511022044088176974e-01 3.812808528051971457e+00
2.513827655310621467e-01 3.270338936660338369e+00
2.516633266533066515e-01 3.996555496520927342e+00
2.519438877755511008e-01 3.807416711918185648e+00
2.522244488977956056e-01 3.750574345167640988e+00
2.525050100200401104e-01 4.282156680767208456e+00
2.527855711422846152e-01 3.518941896222272270e+00
2.530661322645291200e-01 2.969334641138507092e+00
2.533466933867735693e-01 3.774385896271595708e+00
2.536272545090180741e-01 3.685081611367704735e+00
2.539078156312625234e-01 3.593279057980167224e+00
2.541883767535070282e-01 3.463979170715778100e+00
2.544689378757515330e-01 3.724616194888574761e+00
2.547494989979960378e-01 3.882981996601595487e+00
2.550300601202405426e-01 3.724501854586542482e+00
2.553106212424849919e-01 3.494398644118230202e+00
2.555911823647294967e-01 3.129351553107429851e+00
2.558717434869740015e-01 3.806838060521979372e+00
2.561523046092184508e-01 3.534978904469845418e+00
2.564328657314629556e-01 3.058836185571746746e+00
2.567134268537074604e-01 3.202065401397481637e+00
2.569939879759519652e-01 3.259845138071272075e+00
2.572745490981964145e-01 3.294010738264174343e+00
2.575551102204409193e-01 3.539668317941871312e+00
2.578356713426854241e-01 2.981541426239797676e+00
2.581162324649298734e-01 2.689715035155030520e+00
2.583967935871743782e-01 3.363275737848999913e+00
2.586773547094188830e-01 3.044262860715501340e+00
2.589579158316633878e-01 3.255022016944521202e+00
2.592384769539078371e-01 2.787195885476585921e+00
2.595190380761523419e-01 3.157130472671820787e+00
2.597995991983968467e-01 3.686574101153849536e+00
2.600801603206412960e-01 3.729284201993154024e+00
2.603607214428858008e-01 2.997854962650642108e+00
2.606412825651303056e-01 2.917697439543131210e+00
2.609218436873748104e-01 2.908290202002350000e+00
2.612024048096192597e-01 3.003860803208401098e+00
2.614829659318637645e-01 2.752700371828995962e+00
2.617635270541082693e-01 3.063883906979663063e+00
2.620440881763527186e-01 3.178743969414667081e+00
2.623246492985972234e-01 2.714946974005702174e+00
2.626052104208417282e-01 3.203634181989138074e+00
2.628857715430862330e-01 2.732446426584431709e+00
2.631663326653306823e-01 2.781291933437694208e+00
2.634468937875751871e-01 2.955042732459558952e+00
2.637274549098196919e-01 2.472637382714969689e+00
2.640080160320641411e-01 2.983720406542385906e+00
2.642885771543086459e-01 2.777941943256586388e+00
2.645691382765531507e-01 3.307160786515584316e+00
2.648496993987976555e-01 2.817196252444790439e+00
2.651302605210421603e-01 2.501025749009278876e+00
2.654108216432866096e-01 2.703027692011577887e+00
2.656913827655310589e-01 3.181305552202361220e+00
2.659719438877755637e-01 2.922470249264045972e+00
2.662525050100200685e-01 2.832131607838522136e+00
2.665330661322645733e-01 2.822529468226109284e+00
2.668136272545090781e-01 2.784317227762688862e+00
2.670941883767535829e-01 2.941612976469048402e+00
2.673747494989980322e-01 2.490367507254148904e+00
2.676553106212424815e-01 2.680369928299468185e+00
2.679358717434869863e-01 2.503414654422960517e+00
2.682164328657314911e-01 2.541289121970281339e+00
2.684969939879759959e-01 2.756623413277521806e+00
2.687775551102205007e-01 2.659184076399994545e+00
2.690581162324650055e-01 2.906988522719836432e+00
2.693386773547094548e-01 2.957036543173527487e+00
2.696192384769539041e-01 2.437441198521466568e+00
2.698997995991984089e-01 2.856098641504534186e+00
2.701803607214429137e-01 2.417428039559418540e+00
2.704609218436874185e-01 2.776085542331658829e+00
2.707414829659319233e-01 2.799946088432588631e+00
2.710220440881764281e-01 2.703360591138219693e+00
2.713026052104208774e-01 2.986086510004635208e+00
2.715831663326653267e-01 2.897294386162258206e+00
2.718637274549098315e-01 2.716265937223638627e+00
2.721442885771543363e-01 2.606113347096161270e+00
2.724248496993988411e-01 2.724057796123664499e+00
2.727054108216433459e-01 2.103937832519501505e+00
2.729859719438878507e-01 2.741963925541952118e+00
2.732665330661323000e-01 2.633021066885946837e+00
2.735470941883767493e-01 2.434616219461982034e+00
2.738276553106212541e-01 2.582134756284203192e+00
2.741082164328657589e-01 2.573246087932560044e+00
2.743887775551102637e-01 2.324481110304940312e+00
2.746693386773547685e-01 2.549878312106708567e+00
2.749498997995992733e-01 2.557411568934958357e+00
2.752304609218437226e-01 2.305022456948186971e+00
2.755110220440881719e-01 2.514018140338127871e+00
2.757915831663326767e-01 2.476337269059451174e+00
2.760721442885771815e-01 2.478040542321928719e+00
2.763527054108216863e-01 2.988506858395592936e+00
2.766332665330661911e-01 2.277912350223550764e+00
2.769138276553106959e-01 2.146152373614306441e+00
2.771943887775551452e-01 2.166037347201370977e+00
2.774749498997996500e-01 2.066382804724570033e+00
2.777555110220440993e-01 2.536699300003796065e+00
2.780360721442886041e-01 2.351674764502644788e+00
2.783166332665331089e-01 2.573094575434553999e+00
2.785971943887776137e-01 2.262498307655829155e+00
2.788777555110221185e-01 2.306872137534024869e+00
2.791583166332665678e-01 2.244556932227312451e+00
2.794388777555110726e-01 2.294856757471944064e+00
2.797194388777555218e-01 2.512110784371649252e+00
2.800000000000000266e-01 2.083271231687248815e+00
