lambda suscetibilidade
1.400000000000000133e-01 2.483786774165341438e+00
1.402805611222444904e-01 2.220602676724411140e+00
1.405611222444889952e-01 2.134596576668188916e+00
1.408416833667334722e-01 2.266357944292538562e+00
1.411222444889779770e-01 1.977510585481635719e+00
1.414028056112224541e-01 2.064161458371805313e+00
1.416833667334669589e-01 2.237026871081181145e+00
1.419639278557114359e-01 2.356012435935128213e+00
1.422444889779559130e-01 2.556218886255635869e+00
1.425250501002004178e-01 3.115173016145295293e+00
1.428056112224448948e-01 2.484379489835984778e+00
1.430861723446893996e-01 2.512189656247884706e+00
1.433667334669338767e-01 2.185576956917937963e+00
1.436472945891783815e-01 2.452023112323697518e+00
1.439278557114228585e-01 2.144401720075272078e+00
1.442084168336673355e-01 3.318583136584285498e+00
1.444889779559118403e-01 3.033669000982769592e+00
1.447695390781563174e-01 2.179133827518308308e+00
1.450501002004008222e-01 2.863661069959557270e+00
1.453306613226452992e-01 2.688550780631723480e+00
1.456112224448898040e-01 1.988033947852918093e+00
1.458917835671342811e-01 2.358686019001893008e+00
1.461723446893787859e-01 2.526114652990461451e+00
1.464529058116232629e-01 2.408824360489053795e+00
1.467334669338677400e-01 2.272301254442117724e+00
1.470140280561122448e-01 2.959972736331204057e+00
1.472945891783567218e-01 2.491656765404941076e+00
1.475751503006012266e-01 2.808303816453805002e+00
1.478557114228457037e-01 2.733118829681366435e+00
1.481362725450902085e-01 3.393141728087999187e+00
1.484168336673346855e-01 3.013298139389751107e+00
1.486973947895791626e-01 2.754178178594050230e+00
1.489779559118236674e-01 2.600543102859577793e+00
1.492585170340681444e-01 2.986732636492253512e+00
1.495390781563126492e-01 3.996656103958713846e+00
1.498196392785571263e-01 3.352298696244533804e+00
1.501002004008016311e-01 2.733094717962469389e+00
1.503807615230461081e-01 5.403320724206031933e+00
1.506613226452905852e-01 2.872778074494964695e+00
1.509418837675350900e-01 3.379274851293737392e+00
1.512224448897795670e-01 3.291361348651910657e+00
1.515030060120240718e-01 3.097522986671146672e+00
1.517835671342685488e-01 4.133198041564668301e+00
1.520641282565130536e-01 2.955925584154487584e+00
1.523446893787575307e-01 2.850193988273224566e+00
1.526252505010020077e-01 3.421078224536834966e+00
1.529058116232465125e-01 3.233560216175369817e+00
1.531863727454909896e-01 4.374594920805958687e+00
1.534669338677354944e-01 3.104393488949485747e+00
1.537474949899799714e-01 2.539699357591413076e+00
1.540280561122244762e-01 3.144319414997266193e+00
1.543086172344689533e-01 2.740316393422795205e+00
1.545891783567134303e-01 2.464375831889394686e+00
1.548697394789579351e-01 3.923899035003058255e+00
1.551503006012024122e-01 2.566775169335966833e+00
1.554308617234469170e-01 3.097797888632733976e+00
1.557114228456913940e-01 2.594029331822246931e+00
1.559919839679358988e-01 2.556181402172037043e+00
1.562725450901803759e-01 3.049741878725728661e+00
1.565531062124248529e-01 2.387159754397409905e+00
1.568336673346693577e-01 3.482226561490679995e+00
1.571142284569138348e-01 2.859512039059880273e+00
1.573947895791583396e-01 4.364138551934622079e+00
1.576753507014028166e-01 3.052119725510133108e+00
1.579559118236473214e-01 3.773628843884629713e+00
1.582364729458917985e-01 3.826775830105600740e+00
1.585170340681362755e-01 3.618910210843822917e+00
1.587975951903807803e-01 2.665305349424034631e+00
1.590781563126252574e-01 3.678466510486557706e+00
1.593587174348697622e-01 5.971688754402324051e+00
1.596392785571142392e-01 2.946284517593928065e+00
1.599198396793587440e-01 3.616515678481289520e+00
1.602004008016032210e-01 2.552988909284965136e+00
1.604809619238476981e-01 3.780714520102754328e+00
1.607615230460922029e-01 2.632620425160059785e+00
1.610420841683366799e-01 2.826491359917930879e+00
1.613226452905811847e-01 3.035018860488179371e+00
1.616032064128256618e-01 3.857186931281897380e+00
1.618837675350701666e-01 3.319325189657148290e+00
1.621643286573146436e-01 3.307861129970955716e+00
1.624448897795591207e-01 3.590806850956797636e+00
1.627254509018036255e-01 3.677457972018837840e+00
1.630060120240481025e-01 2.575920203476440129e+00
1.632865731462926073e-01 3.962005017101976279e+00
1.635671342685370844e-01 3.585548968810224668e+00
1.638476953907815892e-01 4.265649939539059687e+00
1.641282565130260662e-01 2.878562980857043652e+00
1.644088176352705433e-01 2.270528439143442601e+00
1.646893787575150481e-01 2.415918930943939724e+00
1.649699398797595251e-01 3.067588277731921220e+00
1.652505010020040299e-01 3.300865485863981430e+00
1.655310621242485070e-01 3.150473544939267789e+00
1.658116232464930118e-01 3.626944989579722112e+00
1.660921843687374888e-01 2.629120676628258657e+00
1.663727454909819936e-01 3.483563675240124891e+00
1.666533066132264707e-01 2.873402551171332586e+00
1.669338677354709755e-01 4.084094595891813562e+00
1.672144288577154525e-01 3.055014890308545006e+00
1.674949899799599295e-01 4.095937646664051357e+00
1.677755511022044344e-01 3.702083923754541761e+00
1.680561122244489114e-01 3.329152880870462017e+00
1.683366733466934162e-01 3.105222336466663346e+00
1.686172344689378932e-01 4.070821791287370317e+00
1.688977955911823980e-01 2.435313573329970005e+00
1.691783567134268751e-01 3.134798639022393640e+00
1.694589178356713521e-01 4.048895274436465463e+00
1.697394789579158569e-01 4.240764516596075673e+00
1.700200400801603340e-01 4.678246118681647303e+00
1.703006012024048388e-01 4.448895093471054274e+00
1.705811623246493158e-01 4.182183510201943122e+00
1.708617234468938206e-01 4.487375957367323309e+00
1.711422845691382977e-01 5.895577419874255654e+00
1.714228456913827747e-01 5.742236239273956322e+00
1.717034068136272795e-01 5.429537806753893747e+00
1.719839679358717566e-01 3.458959553645459817e+00
1.722645290581162614e-01 4.328329016528803308e+00
1.725450901803607384e-01 5.114981053712686077e+00
1.728256513026052432e-01 3.510345722450769035e+00
1.731062124248497203e-01 3.927953957231348880e+00
1.733867735470941973e-01 3.961668493481240283e+00
1.736673346693387021e-01 3.985767167602571881e+00
1.739478957915831792e-01 3.443072712234001909e+00
1.742284569138276840e-01 5.920198817299429095e+00
1.745090180360721610e-01 4.581101722977835244e+00
1.747895791583166658e-01 3.468818618789688113e+00
1.750701402805611429e-01 4.555658643716856027e+00
1.753507014028056199e-01 8.524232118458810348e+00
1.756312625250501247e-01 4.373135260970975047e+00
1.759118236472946017e-01 4.471193143145876903e+00
1.761923847695391065e-01 6.364431862409709595e+00
1.764729458917835836e-01 5.359049211659632661e+00
1.767535070140280884e-01 4.706826058529433254e+00
1.770340681362725654e-01 5.663173400861029272e+00
1.773146292585170425e-01 3.912559706752890332e+00
1.775951903807615473e-01 7.661635238644628920e+00
1.778757515030060243e-01 4.169845448341360949e+00
1.781563126252505291e-01 4.522069188597979128e+00
1.784368737474950062e-01 5.893640200234836257e+00
1.787174348697395110e-01 4.081536558828616101e+00
1.789979959919839880e-01 4.577882315128874779e+00
1.792785571142284651e-01 5.091081984119438353e+00
1.795591182364729699e-01 4.937760911854625512e+00
1.798396793587174469e-01 4.787667326605590468e+00
1.801202404809619517e-01 6.292073049135431972e+00
1.804008016032064288e-01 4.107013648090808822e+00
1.806813627254509336e-01 4.193857041555902221e+00
1.809619238476954106e-01 5.501606325420999255e+00
1.812424849699398877e-01 5.102782864512747985e+00
1.815230460921843925e-01 4.690908618382010786e+00
1.818036072144288695e-01 9.996010529575931614e+00
1.820841683366733743e-01 3.201107788430610501e+00
1.823647294589178514e-01 4.240906571367041522e+00
1.826452905811623562e-01 5.244962562480608881e+00
1.829258517034068332e-01 3.145019944600215833e+00
1.832064128256513102e-01 5.764898918912034098e+00
1.834869739478958151e-01 4.867696315835057241e+00
1.837675350701402921e-01 7.606323004980961144e+00
1.840480961923847969e-01 7.990880694423954544e+00
1.843286573146292739e-01 7.746690666710572160e+00
1.846092184368737787e-01 4.840910358348418541e+00
1.848897795591182558e-01 5.204318853287536406e+00
1.851703406813627328e-01 5.110609415996504090e+00
1.854509018036072376e-01 6.947656077659694951e+00
1.857314629258517147e-01 9.048588232488770089e+00
1.860120240480962195e-01 7.290838868640607373e+00
1.862925851703406965e-01 5.685950343963720677e+00
1.865731462925852013e-01 9.007336892212565616e+00
1.868537074148296784e-01 1.192376492324635429e+01
1.871342685370741554e-01 7.479008579363139120e+00
1.874148296593186602e-01 1.104393680095236618e+01
1.876953907815631650e-01 6.876579591437324446e+00
1.879759519038076421e-01 6.249698637897663112e+00
1.882565130260521191e-01 1.099896471227513572e+01
1.885370741482966239e-01 1.301258241274334715e+01
1.888176352705411010e-01 1.048691750225562380e+01
1.890981963927855780e-01 5.199465384582890870e+00
1.893787575150300828e-01 9.980795028885763642e+00
1.896593186372745876e-01 1.675248622333127102e+01
1.899398797595190647e-01 7.327895714187315335e+00
1.902204408817635417e-01 7.146316975246128855e+00
1.905010020040080465e-01 7.127732694967477300e+00
1.907815631262525236e-01 6.637878872753429249e+00
1.910621242484970006e-01 6.894515425851619916e+00
1.913426853707415054e-01 7.242752557192261520e+00
1.916232464929860102e-01 5.752606567192127152e+00
1.919038076152304872e-01 7.441071753415590351e+00
1.921843687374749643e-01 7.270693411262134198e+00
1.924649298597194691e-01 6.463643552777282864e+00
1.927454909819639461e-01 8.024405417938186957e+00
1.930260521042084232e-01 1.270333435004830847e+01
1.933066132264529280e-01 8.179750247071625679e+00
1.935871743486974328e-01 8.457794737806171526e+00
1.938677354709419098e-01 1.063124313785107233e+01
1.941482965931863869e-01 7.256769620645166619e+00
1.944288577154308917e-01 8.462153194733723183e+00
1.947094188376753687e-01 6.676142964195391549e+00
1.949899799599198458e-01 8.034524833767022756e+00
1.952705410821643506e-01 6.425134740666177180e+00
1.955511022044088554e-01 6.930935328980140753e+00
1.958316633266533324e-01 1.042605179204753263e+01
1.961122244488978095e-01 9.441798174990948311e+00
1.963927855711423143e-01 9.034208022138383143e+00
1.966733466933867913e-01 8.030562999754438991e+00
1.969539078156312684e-01 6.837750412225377161e+00
1.972344689378757732e-01 8.123491488393046467e+00
1.975150300601202780e-01 9.329486822260644630e+00
1.977955911823647550e-01 7.514142230122531352e+00
1.980761523046092321e-01 6.154123074631921320e+00
1.983567134268537369e-01 9.925897234477019992e+00
1.986372745490982139e-01 9.197403265381318249e+00
1.989178356713427187e-01 1.335032794668636491e+01
1.991983967935871958e-01 1.071458156829361563e+01
1.994789579158317006e-01 8.287356762973439928e+00
1.997595190380761776e-01 1.016798035574726988e+01
2.000400801603206546e-01 8.814866563676783784e+00
2.003206412825651594e-01 1.277631676716328890e+01
2.006012024048096365e-01 1.209689990254521241e+01
2.008817635270541413e-01 1.494113223888079389e+01
2.011623246492986183e-01 1.512398993618924159e+01
2.014428857715431231e-01 1.934414585669477660e+01
2.017234468937876002e-01 8.519888740125285409e+00
2.020040080160320772e-01 1.176349638806552278e+01
2.022845691382765820e-01 1.073340985884649967e+01
2.025651302605210868e-01 1.124448780867112063e+01
2.028456913827655361e-01 1.134984158930712539e+01
2.031262525050100409e-01 6.938732289455413316e+00
2.034068136272545457e-01 1.477794230692438937e+01
2.036873747494990228e-01 9.518402967474745680e+00
2.039679358717434998e-01 1.378133582553846281e+01
2.042484969939880046e-01 9.877345629764338497e+00
2.045290581162325094e-01 1.188213055437755905e+01
2.048096192384769587e-01 1.194426742684936649e+01
2.050901803607214635e-01 1.697801440582527732e+01
2.053707414829659683e-01 9.339811033507416482e+00
2.056513026052104454e-01 1.069006799126589335e+01
2.059318637274549224e-01 9.395914528402023791e+00
2.062124248496994272e-01 1.125526202488912375e+01
2.064929859719439320e-01 1.047084410391941312e+01
2.067735470941883813e-01 8.631038560436731899e+00
2.070541082164328861e-01 1.189810598766641370e+01
2.073346693386773909e-01 1.212995211862608969e+01
2.076152304609218679e-01 9.957914766161172437e+00
2.078957915831663450e-01 9.581086317240668393e+00
2.081763527054108498e-01 1.128164515106248089e+01
2.084569138276553546e-01 1.161045577029588571e+01
2.087374749498998316e-01 1.575924552784735333e+01
2.090180360721443087e-01 1.098193261764922291e+01
2.092985971943888135e-01 1.237505476254242787e+01
2.095791583166332905e-01 1.249779652977058397e+01
2.098597194388777676e-01 1.100450076096190699e+01
2.101402805611222724e-01 1.263802264772938777e+01
2.104208416833667772e-01 1.223169194964371798e+01
2.107014028056112542e-01 1.076934664053722557e+01
2.109819639278557313e-01 1.433403287736928178e+01
2.112625250501002361e-01 7.677393303072626907e+00
2.115430861723447131e-01 1.240876450950742083e+01
2.118236472945891902e-01 1.088392372239691852e+01
2.121042084168336950e-01 1.202795405447225541e+01
2.123847695390781998e-01 1.142558302705871043e+01
2.126653306613226768e-01 1.195398406538861735e+01
2.129458917835671539e-01 1.233822989941600667e+01
2.132264529058116587e-01 1.034132198114161305e+01
2.135070140280561357e-01 1.279814365105431229e+01
2.137875751503006128e-01 9.237281854579626028e+00
2.140681362725451176e-01 1.128112538453821045e+01
2.143486973947896224e-01 1.140714483311579919e+01
2.146292585170340994e-01 1.031693603295083683e+01
2.149098196392785765e-01 1.055234404404514237e+01
2.151903807615230813e-01 1.094745641101603617e+01
2.154709418837675583e-01 1.258927245101145154e+01
2.157515030060120353e-01 1.002213113777871811e+01
2.160320641282565401e-01 1.229445201117471420e+01
2.163126252505010449e-01 1.011383460475218321e+01
2.165931863727455220e-01 1.243006595566890660e+01
2.168737474949899990e-01 8.649994741372841744e+00
2.171543086172345038e-01 9.443118279481945265e+00
2.174348697394789809e-01 8.294773908797029804e+00
2.177154308617234579e-01 8.661287113219533040e+00
2.179959919839679627e-01 1.046104020925941569e+01
2.182765531062124675e-01 1.266575132157391792e+01
2.185571142284569446e-01 8.671908324248478905e+00
2.188376753507014216e-01 8.838719845157747557e+00
2.191182364729459264e-01 1.124569675034720007e+01
2.193987975951904035e-01 1.100687706415858891e+01
2.196793587174348805e-01 8.256064789125451497e+00
2.199599198396793853e-01 1.084429314260010990e+01
2.202404809619238901e-01 1.042387207238062530e+01
2.205210420841683672e-01 8.851797241908226255e+00
2.208016032064128442e-01 8.868777582025582973e+00
2.210821643286573490e-01 1.488399286978030567e+01
2.213627254509018261e-01 9.889763110442883587e+00
2.216432865731463031e-01 1.002160486211049495e+01
2.219238476953908079e-01 9.367612822351668811e+00
2.222044088176353127e-01 9.836691641892443272e+00
2.224849699398797898e-01 1.110727741967766136e+01
2.227655310621242668e-01 8.594635730432498733e+00
2.230460921843687716e-01 7.973930376955961741e+00
2.233266533066132487e-01 6.504733214707536959e+00
2.236072144288577257e-01 7.688503190078619376e+00
2.238877755511022305e-01 9.968252648088261836e+00
2.241683366733467353e-01 7.594766474187133909e+00
2.244488977955912123e-01 8.324640179614684499e+00
2.247294589178356894e-01 6.377145446038816168e+00
2.250100200400801942e-01 6.570694692388350688e+00
2.252905811623246712e-01 7.615994998669949112e+00
2.255711422845691483e-01 7.193049191946474075e+00
2.258517034068136531e-01 7.205201233205892564e+00
2.261322645290581579e-01 8.359734757424202911e+00
2.264128256513026349e-01 6.384744088333682122e+00
2.266933867735471120e-01 8.939369521827821075e+00
2.269739478957916168e-01 8.434086783602586124e+00
2.272545090180360938e-01 9.086465339516275108e+00
2.275350701402805709e-01 6.820534379247936485e+00
2.278156312625250757e-01 4.923521834332976965e+00
2.280961923847695805e-01 7.873094048561521952e+00
2.283767535070140575e-01 7.266460502471656646e+00
2.286573146292585346e-01 5.832928795999009708e+00
2.289378757515030394e-01 8.413795589816334797e+00
2.292184368737475442e-01 8.217375962593374439e+00
2.294989979959919935e-01 6.210527099892334313e+00
2.297795591182364983e-01 5.814625366469521772e+00
2.300601202404810031e-01 6.699565999100647318e+00
2.303406813627254801e-01 5.579023771220199990e+00
2.306212424849699572e-01 6.838920326611749978e+00
2.309018036072144620e-01 6.666262739026636019e+00
2.311823647294589668e-01 6.184252055725377950e+00
2.314629258517034160e-01 6.579623653503504421e+00
2.317434869739479208e-01 7.193532035108218814e+00
2.320240480961924256e-01 5.805269286673821583e+00
2.323046092184369027e-01 5.510655136063666859e+00
2.325851703406813797e-01 7.561970350243615968e+00
2.328657314629258845e-01 4.832527470428396477e+00
2.331462925851703893e-01 5.332998991321489690e+00
2.334268537074148386e-01 5.715097685798435911e+00
2.337074148296593434e-01 5.651910632255657596e+00
2.339879759519038482e-01 4.296548309068406013e+00
2.342685370741483253e-01 5.059903949424114700e+00
2.345490981963928023e-01 5.060719439940687181e+00
2.348296593186373071e-01 5.413746543808124478e+00
2.351102204408818119e-01 5.290629990176354269e+00
2.353907815631262890e-01 5.549309839183938386e+00
2.356713426853707660e-01 4.831018926209864617e+00
2.359519038076152708e-01 4.844053494289893180e+00
2.362324649298597479e-01 4.399774069335719240e+00
2.365130260521042249e-01 5.591551810023386970e+00
2.367935871743487297e-01 4.626911767142943610e+00
2.370741482965932345e-01 4.716255632579041901e+00
2.373547094188377116e-01 5.278576179078219077e+00
2.376352705410821886e-01 3.885391597776321593e+00
2.379158316633266934e-01 4.759665658738384764e+00
2.381963927855711705e-01 5.316000905280546363e+00
2.384769539078156475e-01 4.789584270109275010e+00
2.387575150300601523e-01 5.452722545005920018e+00
2.390380761523046571e-01 4.957572219956897897e+00
2.393186372745491342e-01 4.260007768489089131e+00
2.395991983967936112e-01 4.574867773550793437e+00
2.398797595190381160e-01 5.118954392831019717e+00
2.401603206412825930e-01 4.326368732034560516e+00
2.404408817635270701e-01 4.292054397379088115e+00
2.407214428857715749e-01 4.935411538733276871e+00
2.410020040080160797e-01 4.641634764624428477e+00
2.412825651302605567e-01 4.991232454202337188e+00
2.415631262525050338e-01 4.772192838471431386e+00
2.418436873747495386e-01 5.203634938084993777e+00
2.421242484969940156e-01 4.741202340948856175e+00
2.424048096192384927e-01 4.903901617077873532e+00
2.426853707414829975e-01 5.321216225639640918e+00
2.429659318637275023e-01 4.515774223331033177e+00
2.432464929859719793e-01 5.304265082423396116e+00
2.435270541082164564e-01 5.252939935198130961e+00
2.438076152304609612e-01 4.118660309191742641e+00
2.440881763527054382e-01 3.195371245379825087e+00
2.443687374749499153e-01 4.657078429337926373e+00
2.446492985971944201e-01 3.808539580203980535e+00
2.449298597194389249e-01 4.391349343887756440e+00
2.452104208416834019e-01 5.095213480474005685e+00
2.454909819639278790e-01 3.796013920874693692e+00
2.457715430861723838e-01 3.972935081796548307e+00
2.460521042084168608e-01 4.087167017701494487e+00
2.463326653306613379e-01 4.440963480969241317e+00
2.466132264529058427e-01 3.971140751983434747e+00
2.468937875751503475e-01 4.388890221333652697e+00
2.471743486973948245e-01 4.153158342815824078e+00
2.474549098196393015e-01 3.733330121631398324e+00
2.477354709418838064e-01 4.175982621967165187e+00
2.480160320641282834e-01 3.502952871819644542e+00
2.482965931863727604e-01 4.821954102662472152e+00
2.485771543086172652e-01 3.841266544459376320e+00
2.488577154308617700e-01 3.973054552020139685e+00
2.491382765531062471e-01 3.489902430122242105e+00
2.494188376753507241e-01 3.621576810939275415e+00
2.496993987975952289e-01 4.060317093776524722e+00
2.499799599198397060e-01 3.404410692523594850e+00
2.502605210420841830e-01 3.593789343023389815e+00
2.505410821643286878e-01 4.026502246653431705e+00
2.508216432865731926e-01 3.180379603102577946e+00
2.511022044088176974e-01 3.803192322900816436e+00
2.513827655310621467e-01 4.103275620326222395e+00
2.516633266533066515e-01 3.947137532599076071e+00
2.519438877755511008e-01 3.849869266542833568e+00
2.522244488977956056e-01 3.896099162399596416e+00
2.525050100200401104e-01 3.742357072708220045e+00
2.527855711422846152e-01 4.132967302560491163e+00
2.530661322645291200e-01 3.470482783366245272e+00
2.533466933867735693e-01 3.480524453744743951e+00
2.536272545090180741e-01 2.950470605737486984e+00
2.539078156312625234e-01 3.901929177028720996e+00
2.541883767535070282e-01 3.601358558941635479e+00
2.544689378757515330e-01 3.496442405711373436e+00
2.547494989979960378e-01 3.414730313677735385e+00
2.550300601202405426e-01 3.311106969693836000e+00
2.553106212424849919e-01 3.558827732069846039e+00
2.555911823647294967e-01 3.070143542408144466e+00
2.558717434869740015e-01 3.058296751568146732e+00
2.561523046092184508e-01 3.328462982426897199e+00
2.564328657314629556e-01 3.199591508656766337e+00
2.567134268537074604e-01 3.781787052978098362e+00
2.569939879759519652e-01 3.596161133931274900e+00
2.572745490981964145e-01 3.434373697220483468e+00
2.575551102204409193e-01 3.379198089306584940e+00
2.578356713426854241e-01 3.277262331335061507e+00
2.581162324649298734e-01 3.551997908024711492e+00
2.583967935871743782e-01 2.830731413517626027e+00
2.586773547094188830e-01 2.884992096062231060e+00
2.589579158316633878e-01 3.121793253547464619e+00
2.592384769539078371e-01 2.869863600937147208e+00
2.595190380761523419e-01 3.266675628869995851e+00
2.597995991983968467e-01 3.033498923725275631e+00
2.600801603206412960e-01 3.643768072869949748e+00
2.603607214428858008e-01 2.750360523431144788e+00
2.606412825651303056e-01 2.978390507992816350e+00
2.609218436873748104e-01 2.875100434758813162e+00
2.612024048096192597e-01 3.081432865075371286e+00
2.614829659318637645e-01 3.118509922580388505e+00
2.617635270541082693e-01 3.326780867991061541e+00
2.620440881763527186e-01 3.744042308152051302e+00
2.623246492985972234e-01 3.047507706661146010e+00
2.626052104208417282e-01 3.128490757669105449e+00
2.628857715430862330e-01 2.698139754511089894e+00
2.631663326653306823e-01 3.197363069584930884e+00
2.634468937875751871e-01 2.823286311367056989e+00
2.637274549098196919e-01 3.064758225917779910e+00
2.640080160320641411e-01 2.515359826933750043e+00
2.642885771543086459e-01 2.607080680901391112e+00
2.645691382765531507e-01 3.158734226202518425e+00
2.648496993987976555e-01 3.050259214931683172e+00
2.651302605210421603e-01 2.930085489266043730e+00
2.654108216432866096e-01 2.889902189075860939e+00
2.656913827655310589e-01 2.724775200367075545e+00
2.659719438877755637e-01 2.649794934648201927e+00
2.662525050100200685e-01 2.609955941058009543e+00
2.665330661322645733e-01 3.096627435433315423e+00
2.668136272545090781e-01 2.804135961681248457e+00
2.670941883767535829e-01 2.667259943665946764e+00
2.673747494989980322e-01 3.116658105942637480e+00
2.676553106212424815e-01 2.835538987380502807e+00
2.679358717434869863e-01 2.467782274845413681e+00
2.682164328657314911e-01 2.756376890907278998e+00
2.684969939879759959e-01 2.745534772929350442e+00
2.687775551102205007e-01 2.423219972781178733e+00
2.690581162324650055e-01 2.660805519831655364e+00
2.693386773547094548e-01 2.602100036863097987e+00
2.696192384769539041e-01 2.886271378647614405e+00
2.698997995991984089e-01 2.547650184895926095e+00
2.701803607214429137e-01 2.638121174698845550e+00
2.704609218436874185e-01 2.659972317265378194e+00
2.707414829659319233e-01 2.646368406722212629e+00
2.710220440881764281e-01 2.796419661593281702e+00
2.713026052104208774e-01 2.870125924776712800e+00
2.715831663326653267e-01 2.815068721641603933e+00
2.718637274549098315e-01 2.326400251905571537e+00
2.721442885771543363e-01 2.772320369120639061e+00
2.724248496993988411e-01 2.590256643497083733e+00
2.727054108216433459e-01 2.423051716182839321e+00
2.729859719438878507e-01 2.364792396308493139e+00
2.732665330661323000e-01 2.402628918978362282e+00
2.735470941883767493e-01 2.296152789279455764e+00
2.738276553106212541e-01 2.323954298297923327e+00
2.741082164328657589e-01 2.485103925696102944e+00
2.743887775551102637e-01 2.489206093229933359e+00
2.746693386773547685e-01 2.301891720502067695e+00
2.749498997995992733e-01 2.465422853297135841e+00
2.752304609218437226e-01 2.686616779608124173e+00
2.755110220440881719e-01 2.398799358819394101e+00
2.757915831663326767e-01 2.255902611131110014e+00
2.760721442885771815e-01 2.470273943819368156e+00
2.763527054108216863e-01 2.329931754754504425e+00
2.766332665330661911e-01 2.629920077614119833e+00
2.769138276553106959e-01 2.622230583323182262e+00
2.771943887775551452e-01 2.281423348197001655e+00
2.774749498997996500e-01 2.255775360853144562e+00
2.777555110220440993e-01 2.668383236241945955e+00
2.780360721442886041e-01 2.522640768187303095e+00
2.783166332665331089e-01 2.748540110783908919e+00
2.785971943887776137e-01 2.574086991384715084e+00
2.788777555110221185e-01 2.487908537567967926e+00
2.791583166332665678e-01 2.304513480534308378e+00
2.794388777555110726e-01 3.127027846255751253e+00
2.797194388777555218e-01 2.386559082152388545e+00
2.800000000000000266e-01 2.250048337313436342e+00
