lambda suscetibilidade
1.400000000000000133e-01 2.313661052769709681e+00
1.402805611222444904e-01 2.408168514382988956e+00
1.405611222444889952e-01 2.187410688510839751e+00
1.408416833667334722e-01 2.646591271127733513e+00
1.411222444889779770e-01 2.363154621741994088e+00
1.414028056112224541e-01 2.483335136150024436e+00
1.416833667334669589e-01 2.314738029394267205e+00
1.419639278557114359e-01 2.454619795380174274e+00
1.422444889779559130e-01 2.240853167708169558e+00
1.425250501002004178e-01 2.672086552731478104e+00
1.428056112224448948e-01 2.711530037809303906e+00
1.430861723446893996e-01 2.908195571815652247e+00
1.433667334669338767e-01 2.511268241707157678e+00
1.436472945891783815e-01 2.142340545741743263e+00
1.439278557114228585e-01 2.205470788442587260e+00
1.442084168336673355e-01 2.437742220688782435e+00
1.444889779559118403e-01 2.303134347701363271e+00
1.447695390781563174e-01 2.537258604500176595e+00
1.450501002004008222e-01 2.412619527545645237e+00
1.453306613226452992e-01 2.366622600321925063e+00
1.456112224448898040e-01 2.796323494416445232e+00
1.458917835671342811e-01 2.827268064922606960e+00
1.461723446893787859e-01 2.162018548593009903e+00
1.464529058116232629e-01 2.628787064096991255e+00
1.467334669338677400e-01 2.286959617098112130e+00
1.470140280561122448e-01 3.575242001925574176e+00
1.472945891783567218e-01 2.385394247448191507e+00
1.475751503006012266e-01 2.010689020478817923e+00
1.478557114228457037e-01 2.360650977203583523e+00
1.481362725450902085e-01 2.532968729201009239e+00
1.484168336673346855e-01 2.658315030891479580e+00
1.486973947895791626e-01 3.514264500604747710e+00
1.489779559118236674e-01 3.724673851611620456e+00
1.492585170340681444e-01 2.570748503207277214e+00
1.495390781563126492e-01 2.144749278658037994e+00
1.498196392785571263e-01 2.853453861994161844e+00
1.501002004008016311e-01 2.746671138184227257e+00
1.503807615230461081e-01 2.250257006112298619e+00
1.506613226452905852e-01 2.545205584166258195e+00
1.509418837675350900e-01 3.021393130117267845e+00
1.512224448897795670e-01 2.149068469277754190e+00
1.515030060120240718e-01 2.362185313247304297e+00
1.517835671342685488e-01 2.454191058255426494e+00
1.520641282565130536e-01 3.743856760272401107e+00
1.523446893787575307e-01 3.288268184625497081e+00
1.526252505010020077e-01 3.079943002159443388e+00
1.529058116232465125e-01 1.942373165410993696e+00
1.531863727454909896e-01 3.864182715459104855e+00
1.534669338677354944e-01 2.521828860353871882e+00
1.537474949899799714e-01 3.283346445154135207e+00
1.540280561122244762e-01 3.506755125772914816e+00
1.543086172344689533e-01 5.304879481918825412e+00
1.545891783567134303e-01 3.681435203213668572e+00
1.548697394789579351e-01 2.993456972227574564e+00
1.551503006012024122e-01 3.029888723672163220e+00
1.554308617234469170e-01 2.583266618139421045e+00
1.557114228456913940e-01 3.152714546258571726e+00
1.559919839679358988e-01 2.547368557362570840e+00
1.562725450901803759e-01 2.460626564384652326e+00
1.565531062124248529e-01 3.214900919433864690e+00
1.568336673346693577e-01 2.458427855527835604e+00
1.571142284569138348e-01 3.586652212583119947e+00
1.573947895791583396e-01 2.761920550018119869e+00
1.576753507014028166e-01 3.468809339697717320e+00
1.579559118236473214e-01 2.987002204293293328e+00
1.582364729458917985e-01 3.137448139373802292e+00
1.585170340681362755e-01 2.679173261140646911e+00
1.587975951903807803e-01 2.466259375474330273e+00
1.590781563126252574e-01 2.888569470412912565e+00
1.593587174348697622e-01 3.611701806589265651e+00
1.596392785571142392e-01 4.016122195171513809e+00
1.599198396793587440e-01 2.133223930768170185e+00
1.602004008016032210e-01 2.563465518222393769e+00
1.604809619238476981e-01 3.105427261385221183e+00
1.607615230460922029e-01 2.382258172132187379e+00
1.610420841683366799e-01 2.822448754209421207e+00
1.613226452905811847e-01 3.006593000429042650e+00
1.616032064128256618e-01 3.028636642794846789e+00
1.618837675350701666e-01 4.452620877371779251e+00
1.621643286573146436e-01 3.533260019041318589e+00
1.624448897795591207e-01 3.475378909164122287e+00
1.627254509018036255e-01 3.186522159783232944e+00
1.630060120240481025e-01 3.299339901396672214e+00
1.632865731462926073e-01 3.047887289533821153e+00
1.635671342685370844e-01 3.339540269911837278e+00
1.638476953907815892e-01 3.315259702301639688e+00
1.641282565130260662e-01 2.509599628346934619e+00
1.644088176352705433e-01 3.396672512092312246e+00
1.646893787575150481e-01 3.753774177675156754e+00
1.649699398797595251e-01 2.547701867224858141e+00
1.652505010020040299e-01 3.427373073026866113e+00
1.655310621242485070e-01 4.917667861345370817e+00
1.658116232464930118e-01 2.292960601019086830e+00
1.660921843687374888e-01 2.829521191861668949e+00
1.663727454909819936e-01 3.358726836157926776e+00
1.666533066132264707e-01 4.889605072822478249e+00
1.669338677354709755e-01 3.196818379771910745e+00
1.672144288577154525e-01 3.056844370870128280e+00
1.674949899799599295e-01 4.625818413121884909e+00
1.677755511022044344e-01 4.855181957699941542e+00
1.680561122244489114e-01 4.480155101621728697e+00
1.683366733466934162e-01 6.692623901263686115e+00
1.686172344689378932e-01 5.445892889817237403e+00
1.688977955911823980e-01 5.505442017684393896e+00
1.691783567134268751e-01 8.063576346326605915e+00
1.694589178356713521e-01 4.473548687755405595e+00
1.697394789579158569e-01 4.704864450722076263e+00
1.700200400801603340e-01 6.851197857652745249e+00
1.703006012024048388e-01 6.294471469182496115e+00
1.705811623246493158e-01 4.966819433727152067e+00
1.708617234468938206e-01 6.590338576269767046e+00
1.711422845691382977e-01 8.584813649159119819e+00
1.714228456913827747e-01 7.090283479900766572e+00
1.717034068136272795e-01 5.345243492107131011e+00
1.719839679358717566e-01 7.486850721268919706e+00
1.722645290581162614e-01 6.750733809215689440e+00
1.725450901803607384e-01 1.075807111353925372e+01
1.728256513026052432e-01 5.286503926878221904e+00
1.731062124248497203e-01 7.176349729956886137e+00
1.733867735470941973e-01 4.876368859846201609e+00
1.736673346693387021e-01 5.345463454027013839e+00
1.739478957915831792e-01 5.585692980715366573e+00
1.742284569138276840e-01 4.905869945153731315e+00
1.745090180360721610e-01 7.003493388085992422e+00
1.747895791583166658e-01 5.956441484961972677e+00
1.750701402805611429e-01 5.257333292219849241e+00
1.753507014028056199e-01 6.352990170353804977e+00
1.756312625250501247e-01 6.287371031078101247e+00
1.759118236472946017e-01 6.819539937578225519e+00
1.761923847695391065e-01 5.188727250471147912e+00
1.764729458917835836e-01 6.504470163164365992e+00
1.767535070140280884e-01 7.853518009585840787e+00
1.770340681362725654e-01 5.294493824774590074e+00
1.773146292585170425e-01 5.811476779485071020e+00
1.775951903807615473e-01 5.060910383496237230e+00
1.778757515030060243e-01 5.272130683469908874e+00
1.781563126252505291e-01 3.393996322031070711e+00
1.784368737474950062e-01 7.327607729090091837e+00
1.787174348697395110e-01 4.298205933042226867e+00
1.789979959919839880e-01 4.613244293509719540e+00
1.792785571142284651e-01 4.163012274914620114e+00
1.795591182364729699e-01 4.648643804385363509e+00
1.798396793587174469e-01 6.846031963188840663e+00
1.801202404809619517e-01 8.423891425921397058e+00
1.804008016032064288e-01 5.267665341767902021e+00
1.806813627254509336e-01 5.299631543298751524e+00
1.809619238476954106e-01 4.180572143516315009e+00
1.812424849699398877e-01 5.384655440516253222e+00
1.815230460921843925e-01 5.354540216406167730e+00
1.818036072144288695e-01 5.238644757072692393e+00
1.820841683366733743e-01 6.453306815753037107e+00
1.823647294589178514e-01 4.428358405709563073e+00
1.826452905811623562e-01 6.096866063057396090e+00
1.829258517034068332e-01 6.018928282201300384e+00
1.832064128256513102e-01 5.344794569528741768e+00
1.834869739478958151e-01 5.142385938359436359e+00
1.837675350701402921e-01 4.853261172333614759e+00
1.840480961923847969e-01 5.843943146843609604e+00
1.843286573146292739e-01 5.765336688810243970e+00
1.846092184368737787e-01 6.809318694218108980e+00
1.848897795591182558e-01 4.456590237131043963e+00
1.851703406813627328e-01 5.708966487827181524e+00
1.854509018036072376e-01 4.398481926495056094e+00
1.857314629258517147e-01 5.994812339351272001e+00
1.860120240480962195e-01 5.070525492000341750e+00
1.862925851703406965e-01 5.556991681744293921e+00
1.865731462925852013e-01 5.683299833305532012e+00
1.868537074148296784e-01 5.478208971058458054e+00
1.871342685370741554e-01 3.945168047479305162e+00
1.874148296593186602e-01 6.513325770370145484e+00
1.876953907815631650e-01 6.824122867475229448e+00
1.879759519038076421e-01 5.331157754029361762e+00
1.882565130260521191e-01 5.922396522015694664e+00
1.885370741482966239e-01 5.108778177554404998e+00
1.888176352705411010e-01 8.324659819557563623e+00
1.890981963927855780e-01 6.708884536076292093e+00
1.893787575150300828e-01 6.920052793345983666e+00
1.896593186372745876e-01 4.852228174604323208e+00
1.899398797595190647e-01 7.143663017354753286e+00
1.902204408817635417e-01 7.810093609198521136e+00
1.905010020040080465e-01 5.364832482053351725e+00
1.907815631262525236e-01 8.137096661311836954e+00
1.910621242484970006e-01 6.150868896360210947e+00
1.913426853707415054e-01 7.345129729159412868e+00
1.916232464929860102e-01 6.125040960127449807e+00
1.919038076152304872e-01 1.051500658652851250e+01
1.921843687374749643e-01 9.201089610809592756e+00
1.924649298597194691e-01 7.136583779740036881e+00
1.927454909819639461e-01 5.149741763996863675e+00
1.930260521042084232e-01 5.882250043363427494e+00
1.933066132264529280e-01 7.499620115791069352e+00
1.935871743486974328e-01 8.575657401735552909e+00
1.938677354709419098e-01 6.281714474721371566e+00
1.941482965931863869e-01 7.304325145400846431e+00
1.944288577154308917e-01 8.176262295192231022e+00
1.947094188376753687e-01 7.699631076925514961e+00
1.949899799599198458e-01 1.230709298293174037e+01
1.952705410821643506e-01 8.108015733054456220e+00
1.955511022044088554e-01 6.825294551952019617e+00
1.958316633266533324e-01 6.030984819939601671e+00
1.961122244488978095e-01 6.945760835847116788e+00
1.963927855711423143e-01 1.035970015764261198e+01
1.966733466933867913e-01 8.442791387630014910e+00
1.969539078156312684e-01 1.100817132398942100e+01
1.972344689378757732e-01 7.252513815719597190e+00
1.975150300601202780e-01 8.915120555213082554e+00
1.977955911823647550e-01 9.857591591436083434e+00
1.980761523046092321e-01 8.867769687076760832e+00
1.983567134268537369e-01 9.160907229595236956e+00
1.986372745490982139e-01 1.329347805388412418e+01
1.989178356713427187e-01 9.299854075148541455e+00
1.991983967935871958e-01 7.051677263144228824e+00
1.994789579158317006e-01 1.048684923962236226e+01
1.997595190380761776e-01 7.889981265512568953e+00
2.000400801603206546e-01 1.152318501165381726e+01
2.003206412825651594e-01 9.168784054895661839e+00
2.006012024048096365e-01 1.003308786277645126e+01
2.008817635270541413e-01 1.023295313847336274e+01
2.011623246492986183e-01 9.989348887332281990e+00
2.014428857715431231e-01 1.080257084897632147e+01
2.017234468937876002e-01 8.625636128232613942e+00
2.020040080160320772e-01 8.255725921824174307e+00
2.022845691382765820e-01 9.136278528640428220e+00
2.025651302605210868e-01 1.069422247763007761e+01
2.028456913827655361e-01 1.359214965914881468e+01
2.031262525050100409e-01 8.676689119999362987e+00
2.034068136272545457e-01 8.725584567546372128e+00
2.036873747494990228e-01 1.251491470139164619e+01
2.039679358717434998e-01 9.518407577954418386e+00
2.042484969939880046e-01 6.544835982150917886e+00
2.045290581162325094e-01 1.474977546017245622e+01
2.048096192384769587e-01 1.028647261130334201e+01
2.050901803607214635e-01 9.285373055943892950e+00
2.053707414829659683e-01 1.165658169249560494e+01
2.056513026052104454e-01 1.024195788759678472e+01
2.059318637274549224e-01 9.101622680939017940e+00
2.062124248496994272e-01 8.063378452448967337e+00
2.064929859719439320e-01 1.052915594476921868e+01
2.067735470941883813e-01 9.333390123859947707e+00
2.070541082164328861e-01 1.141987811472402115e+01
2.073346693386773909e-01 1.093335955882442612e+01
2.076152304609218679e-01 1.269249062196634625e+01
2.078957915831663450e-01 1.080666834069351090e+01
2.081763527054108498e-01 1.396222655972606930e+01
2.084569138276553546e-01 1.378339157945411841e+01
2.087374749498998316e-01 1.016382441610592302e+01
2.090180360721443087e-01 1.299322318526358266e+01
2.092985971943888135e-01 8.812804833477880351e+00
2.095791583166332905e-01 1.188912691288407864e+01
2.098597194388777676e-01 8.354348571696426973e+00
2.101402805611222724e-01 1.130462815740692584e+01
2.104208416833667772e-01 1.183282859167743872e+01
2.107014028056112542e-01 1.070904908984060810e+01
2.109819639278557313e-01 9.768706443489671543e+00
2.112625250501002361e-01 1.280649687816838878e+01
2.115430861723447131e-01 9.179504921835066611e+00
2.118236472945891902e-01 1.395558561269071696e+01
2.121042084168336950e-01 8.299593088684678932e+00
2.123847695390781998e-01 1.479037577238258372e+01
2.126653306613226768e-01 1.253336709016042505e+01
2.129458917835671539e-01 1.020895817562251295e+01
2.132264529058116587e-01 1.168529737588669448e+01
2.135070140280561357e-01 1.168278813199256838e+01
2.137875751503006128e-01 1.733448442653622479e+01
2.140681362725451176e-01 9.970376926838692810e+00
2.143486973947896224e-01 9.561473062611099749e+00
2.146292585170340994e-01 1.179279660689185150e+01
2.149098196392785765e-01 1.154231422249370098e+01
2.151903807615230813e-01 1.443844417029551686e+01
2.154709418837675583e-01 1.236028882442935917e+01
2.157515030060120353e-01 1.245161230059428803e+01
2.160320641282565401e-01 1.182450185440982438e+01
2.163126252505010449e-01 1.120680497283189858e+01
2.165931863727455220e-01 1.017638848178447475e+01
2.168737474949899990e-01 1.278356546915302872e+01
2.171543086172345038e-01 1.006884885134253160e+01
2.174348697394789809e-01 9.076430059431636721e+00
2.177154308617234579e-01 8.511303430573182283e+00
2.179959919839679627e-01 1.438734714094823808e+01
2.182765531062124675e-01 1.200321806005335823e+01
2.185571142284569446e-01 1.059955812978409284e+01
2.188376753507014216e-01 7.557828840570061324e+00
2.191182364729459264e-01 8.535249076957462933e+00
2.193987975951904035e-01 1.000609782680998450e+01
2.196793587174348805e-01 1.056877383980224927e+01
2.199599198396793853e-01 9.390798558472564395e+00
2.202404809619238901e-01 8.524499619494433134e+00
2.205210420841683672e-01 7.262240710974192659e+00
2.208016032064128442e-01 8.906096529700199937e+00
2.210821643286573490e-01 1.043650602711549169e+01
2.213627254509018261e-01 9.278444648676257955e+00
2.216432865731463031e-01 1.129855229709874997e+01
2.219238476953908079e-01 1.162689920914965391e+01
2.222044088176353127e-01 8.135392398323082475e+00
2.224849699398797898e-01 6.436497491627332757e+00
2.227655310621242668e-01 8.174325602388670120e+00
2.230460921843687716e-01 7.984122981773910332e+00
2.233266533066132487e-01 8.296055842964014104e+00
2.236072144288577257e-01 8.968634486059707811e+00
2.238877755511022305e-01 1.092316286123787172e+01
2.241683366733467353e-01 1.014313034165622618e+01
2.244488977955912123e-01 7.232971284253495448e+00
2.247294589178356894e-01 9.011887969721477987e+00
2.250100200400801942e-01 8.618069680937532340e+00
2.252905811623246712e-01 7.554690440794360917e+00
2.255711422845691483e-01 6.627206721233025455e+00
2.258517034068136531e-01 9.052656003665079609e+00
2.261322645290581579e-01 7.677644596025131385e+00
2.264128256513026349e-01 6.787063312769080703e+00
2.266933867735471120e-01 6.846767455484510378e+00
2.269739478957916168e-01 7.975472789006293972e+00
2.272545090180360938e-01 4.974374209115650203e+00
2.275350701402805709e-01 8.635460734743736211e+00
2.278156312625250757e-01 6.496893327275462759e+00
2.280961923847695805e-01 6.606365950673347420e+00
2.283767535070140575e-01 6.219039781875639328e+00
2.286573146292585346e-01 6.974087464476662390e+00
2.289378757515030394e-01 8.477221113082332948e+00
2.292184368737475442e-01 4.345073943428002572e+00
2.294989979959919935e-01 5.500667430080315334e+00
2.297795591182364983e-01 5.277302787590993916e+00
2.300601202404810031e-01 7.333147455205589083e+00
2.303406813627254801e-01 6.249060739862546399e+00
2.306212424849699572e-01 7.382481736652248827e+00
2.309018036072144620e-01 6.062180973436340103e+00
2.311823647294589668e-01 6.580224560445920190e+00
2.314629258517034160e-01 8.381767113561815918e+00
2.317434869739479208e-01 6.406600553838193157e+00
2.320240480961924256e-01 4.816122896437634360e+00
2.323046092184369027e-01 6.815968579948918915e+00
2.325851703406813797e-01 5.650926994405454096e+00
2.328657314629258845e-01 6.637021669800634349e+00
2.331462925851703893e-01 6.045040682387097242e+00
2.334268537074148386e-01 5.830331329079005087e+00
2.337074148296593434e-01 5.224403093591357461e+00
2.339879759519038482e-01 5.217479944864503061e+00
2.342685370741483253e-01 4.783012646306758597e+00
2.345490981963928023e-01 5.467783698802161751e+00
2.348296593186373071e-01 5.679933550088940741e+00
2.351102204408818119e-01 5.002117314465669651e+00
2.353907815631262890e-01 5.599046767805971214e+00
2.356713426853707660e-01 6.075216772052058900e+00
2.359519038076152708e-01 6.603621847916836707e+00
2.362324649298597479e-01 4.875706638313222818e+00
2.365130260521042249e-01 5.450536718325218466e+00
2.367935871743487297e-01 4.835827221556019850e+00
2.370741482965932345e-01 5.172668494863378541e+00
2.373547094188377116e-01 5.843065137996350522e+00
2.376352705410821886e-01 5.005980901653027004e+00
2.379158316633266934e-01 5.333297284591699494e+00
2.381963927855711705e-01 6.024709672007781514e+00
2.384769539078156475e-01 4.668238044642828655e+00
2.387575150300601523e-01 5.585323872784243804e+00
2.390380761523046571e-01 5.623215165579392938e+00
2.393186372745491342e-01 6.679943082760225082e+00
2.395991983967936112e-01 4.946422824690163367e+00
2.398797595190381160e-01 4.771144086129106121e+00
2.401603206412825930e-01 4.647723146039771436e+00
2.404408817635270701e-01 4.881472346819206720e+00
2.407214428857715749e-01 3.696161939772052651e+00
2.410020040080160797e-01 4.988457207949888783e+00
2.412825651302605567e-01 4.847323516466182980e+00
2.415631262525050338e-01 5.344061258150045290e+00
2.418436873747495386e-01 3.866310894942390775e+00
2.421242484969940156e-01 4.499486989216443966e+00
2.424048096192384927e-01 4.450114904656317982e+00
2.426853707414829975e-01 4.376067874158088067e+00
2.429659318637275023e-01 3.836065047850900633e+00
2.432464929859719793e-01 4.687423684827688675e+00
2.435270541082164564e-01 4.345235623954776472e+00
2.438076152304609612e-01 4.069687908335345661e+00
2.440881763527054382e-01 4.156745078236102842e+00
2.443687374749499153e-01 4.991600208982873710e+00
2.446492985971944201e-01 3.873550912706011484e+00
2.449298597194389249e-01 4.236220112289648121e+00
2.452104208416834019e-01 3.824787556188436355e+00
2.454909819639278790e-01 3.751162470346697031e+00
2.457715430861723838e-01 4.288429333676583077e+00
2.460521042084168608e-01 4.175950095435350562e+00
2.463326653306613379e-01 4.147703691744412779e+00
2.466132264529058427e-01 4.214524316891299804e+00
2.468937875751503475e-01 4.213948669789010282e+00
2.471743486973948245e-01 4.909028616577838733e+00
2.474549098196393015e-01 3.918980898113459510e+00
2.477354709418838064e-01 3.975665039734672224e+00
2.480160320641282834e-01 4.627354163894180417e+00
2.482965931863727604e-01 4.182669323618747548e+00
2.485771543086172652e-01 3.801692632194149102e+00
2.488577154308617700e-01 3.421382792216093538e+00
2.491382765531062471e-01 3.211788637001223634e+00
2.494188376753507241e-01 3.465023538221518873e+00
2.496993987975952289e-01 3.585939332414142644e+00
2.499799599198397060e-01 3.788036617536342465e+00
2.502605210420841830e-01 3.410527581328657742e+00
2.505410821643286878e-01 4.149454326072624433e+00
2.508216432865731926e-01 3.667126370465644936e+00
2.511022044088176974e-01 3.339759425858093600e+00
2.513827655310621467e-01 3.789714926806828643e+00
2.516633266533066515e-01 3.722793446588154698e+00
2.519438877755511008e-01 3.839438380980305432e+00
2.522244488977956056e-01 3.559469159118189285e+00
2.525050100200401104e-01 4.058663416674943569e+00
2.527855711422846152e-01 3.067430497641517650e+00
2.530661322645291200e-01 2.830676447513400973e+00
2.533466933867735693e-01 3.024548042303325968e+00
2.536272545090180741e-01 3.004839012592711800e+00
2.539078156312625234e-01 3.153317083231446993e+00
2.541883767535070282e-01 3.620785352150881042e+00
2.544689378757515330e-01 3.647182571450250155e+00
2.547494989979960378e-01 3.488643666846233948e+00
2.550300601202405426e-01 3.900698740376610907e+00
2.553106212424849919e-01 3.313618164338961947e+00
2.555911823647294967e-01 3.609371046991763254e+00
2.558717434869740015e-01 3.620721695689615327e+00
2.561523046092184508e-01 3.515006946832594181e+00
2.564328657314629556e-01 3.021122771641952642e+00
2.567134268537074604e-01 3.365828681240731424e+00
2.569939879759519652e-01 3.095686320449455131e+00
2.572745490981964145e-01 3.429028880496773901e+00
2.575551102204409193e-01 3.071477574063268712e+00
2.578356713426854241e-01 3.137109110099280063e+00
2.581162324649298734e-01 2.722250503591640225e+00
2.583967935871743782e-01 3.380955999288932645e+00
2.586773547094188830e-01 3.382431587515648541e+00
2.589579158316633878e-01 2.691103052795642103e+00
2.592384769539078371e-01 3.386660066449609374e+00
2.595190380761523419e-01 3.711886585057140753e+00
2.597995991983968467e-01 2.989963641230223512e+00
2.600801603206412960e-01 2.485439065774478262e+00
2.603607214428858008e-01 3.191792249008938764e+00
2.606412825651303056e-01 3.332928043901024928e+00
2.609218436873748104e-01 2.936978267884396310e+00
2.612024048096192597e-01 3.103484276954175947e+00
2.614829659318637645e-01 3.113217931713172959e+00
2.617635270541082693e-01 2.818761401711630032e+00
2.620440881763527186e-01 2.890502304120800225e+00
2.623246492985972234e-01 2.794570081623656055e+00
2.626052104208417282e-01 2.813759836502952805e+00
2.628857715430862330e-01 2.692765965860832722e+00
2.631663326653306823e-01 2.381270954413965857e+00
2.634468937875751871e-01 3.198785786255855079e+00
2.637274549098196919e-01 2.868608479126150801e+00
2.640080160320641411e-01 2.872604158711088207e+00
2.642885771543086459e-01 3.118543491660020983e+00
2.645691382765531507e-01 3.085772578368389585e+00
2.648496993987976555e-01 2.772584634959338601e+00
2.651302605210421603e-01 3.143112135508423499e+00
2.654108216432866096e-01 3.399620942538879476e+00
2.656913827655310589e-01 2.988930965065464296e+00
2.659719438877755637e-01 2.848598827951121404e+00
2.662525050100200685e-01 2.706957068811412626e+00
2.665330661322645733e-01 3.349475299819343554e+00
2.668136272545090781e-01 2.947126022514796162e+00
2.670941883767535829e-01 2.752575447927327890e+00
2.673747494989980322e-01 2.499660689001647285e+00
2.676553106212424815e-01 3.073064021869843732e+00
2.679358717434869863e-01 2.762729182081934631e+00
2.682164328657314911e-01 2.593803079968466818e+00
2.684969939879759959e-01 3.023883064324130121e+00
2.687775551102205007e-01 2.858933555771373758e+00
2.690581162324650055e-01 2.846813991889799222e+00
2.693386773547094548e-01 3.125789186248494111e+00
2.696192384769539041e-01 2.652442017327595103e+00
2.698997995991984089e-01 2.512741285495914134e+00
2.701803607214429137e-01 2.052244164901285917e+00
2.704609218436874185e-01 2.803204518384779131e+00
2.707414829659319233e-01 2.560558347564560577e+00
2.710220440881764281e-01 2.680347327446031880e+00
2.713026052104208774e-01 2.252779605175208033e+00
2.715831663326653267e-01 2.564800193893096214e+00
2.718637274549098315e-01 2.318074907375806681e+00
2.721442885771543363e-01 2.846728148693590033e+00
2.724248496993988411e-01 2.376538530896001866e+00
2.727054108216433459e-01 2.650770949722391912e+00
2.729859719438878507e-01 2.477861689025029790e+00
2.732665330661323000e-01 2.553279698929167729e+00
2.735470941883767493e-01 2.543661503318409789e+00
2.738276553106212541e-01 2.694475804426095245e+00
2.741082164328657589e-01 2.474544586733031792e+00
2.743887775551102637e-01 2.301561818927527536e+00
2.746693386773547685e-01 2.119860081965671217e+00
2.749498997995992733e-01 2.312986700150615249e+00
2.752304609218437226e-01 2.701042032223404998e+00
2.755110220440881719e-01 2.513423244926012323e+00
2.757915831663326767e-01 2.285267468404673874e+00
2.760721442885771815e-01 2.360640985511168299e+00
2.763527054108216863e-01 2.557241661644338748e+00
2.766332665330661911e-01 2.239217949985251810e+00
2.769138276553106959e-01 2.131316446560490352e+00
2.771943887775551452e-01 2.469148193354965493e+00
2.774749498997996500e-01 2.384321337626918336e+00
2.777555110220440993e-01 2.747472311801510081e+00
2.780360721442886041e-01 2.224550803379754083e+00
2.783166332665331089e-01 2.183203408390171241e+00
2.785971943887776137e-01 2.334391717587630755e+00
2.788777555110221185e-01 2.244874204225881353e+00
2.791583166332665678e-01 2.083049145501760790e+00
2.794388777555110726e-01 2.531140766490834526e+00
2.797194388777555218e-01 2.428354273773026595e+00
2.800000000000000266e-01 2.300117744436347866e+00
