lambda suscetibilidade
1.400000000000000133e-01 1.985813304392383793e+00
1.402805611222444904e-01 2.102144333344183380e+00
1.405611222444889952e-01 2.151397053519302993e+00
1.408416833667334722e-01 2.322960539222869603e+00
1.411222444889779770e-01 2.131606545718402579e+00
1.414028056112224541e-01 2.381595983350586199e+00
1.416833667334669589e-01 2.347561033922241247e+00
1.419639278557114359e-01 2.391468024200634535e+00
1.422444889779559130e-01 3.493116469083481501e+00
1.425250501002004178e-01 2.807754803523240028e+00
1.428056112224448948e-01 2.965295940520006557e+00
1.430861723446893996e-01 2.817242258516774456e+00
1.433667334669338767e-01 2.324945567613982966e+00
1.436472945891783815e-01 2.383180570073524684e+00
1.439278557114228585e-01 2.390285837669614999e+00
1.442084168336673355e-01 2.258690977943548894e+00
1.444889779559118403e-01 3.283236064028368428e+00
1.447695390781563174e-01 2.748960338773872358e+00
1.450501002004008222e-01 2.432778752055026139e+00
1.453306613226452992e-01 2.391099689928092076e+00
1.456112224448898040e-01 4.182332672956238007e+00
1.458917835671342811e-01 2.842581900901247849e+00
1.461723446893787859e-01 2.860304715666118103e+00
1.464529058116232629e-01 2.528873176883864815e+00
1.467334669338677400e-01 2.890985363724354773e+00
1.470140280561122448e-01 3.154634626460091962e+00
1.472945891783567218e-01 2.745790501900652103e+00
1.475751503006012266e-01 2.960398808372327828e+00
1.478557114228457037e-01 3.077556413438539806e+00
1.481362725450902085e-01 2.985118975903614302e+00
1.484168336673346855e-01 2.623208700620230260e+00
1.486973947895791626e-01 3.090280299952181675e+00
1.489779559118236674e-01 3.307532003211036020e+00
1.492585170340681444e-01 3.093184934856962442e+00
1.495390781563126492e-01 2.165604415841151820e+00
1.498196392785571263e-01 2.192655532718970068e+00
1.501002004008016311e-01 2.368498335672020616e+00
1.503807615230461081e-01 3.424809065908812844e+00
1.506613226452905852e-01 3.088166737669908013e+00
1.509418837675350900e-01 2.390956872526623034e+00
1.512224448897795670e-01 2.351815818166169691e+00
1.515030060120240718e-01 2.636793814257456958e+00
1.517835671342685488e-01 4.034095705921256325e+00
1.520641282565130536e-01 2.467402744375888801e+00
1.523446893787575307e-01 2.717286513280919635e+00
1.526252505010020077e-01 3.851732635175868946e+00
1.529058116232465125e-01 3.388275547561584666e+00
1.531863727454909896e-01 3.619660499696912836e+00
1.534669338677354944e-01 3.456091897678250646e+00
1.537474949899799714e-01 4.015479856395177016e+00
1.540280561122244762e-01 2.532565976878644154e+00
1.543086172344689533e-01 3.521716101280695010e+00
1.545891783567134303e-01 3.688042963503343152e+00
1.548697394789579351e-01 6.120060012303886410e+00
1.551503006012024122e-01 3.645767909888857350e+00
1.554308617234469170e-01 3.390243629878601173e+00
1.557114228456913940e-01 4.129474234100502628e+00
1.559919839679358988e-01 3.042665343537890532e+00
1.562725450901803759e-01 3.265791248138156799e+00
1.565531062124248529e-01 3.383493144776621442e+00
1.568336673346693577e-01 3.785765117010005731e+00
1.571142284569138348e-01 2.852627448470573590e+00
1.573947895791583396e-01 3.535594670016097396e+00
1.576753507014028166e-01 3.017610219444371467e+00
1.579559118236473214e-01 3.117632775000303003e+00
1.582364729458917985e-01 2.579844981512976698e+00
1.585170340681362755e-01 3.224867598128141832e+00
1.587975951903807803e-01 4.036115762935777340e+00
1.590781563126252574e-01 3.098488604407946934e+00
1.593587174348697622e-01 3.942084853229967045e+00
1.596392785571142392e-01 3.275650945185000218e+00
1.599198396793587440e-01 2.732848467118019098e+00
1.602004008016032210e-01 3.608126012054689191e+00
1.604809619238476981e-01 2.566248977940151388e+00
1.607615230460922029e-01 3.204745236348017556e+00
1.610420841683366799e-01 3.398332381926858048e+00
1.613226452905811847e-01 2.946136607369529425e+00
1.616032064128256618e-01 3.239767749200321845e+00
1.618837675350701666e-01 3.358700513632262297e+00
1.621643286573146436e-01 4.680296839794466202e+00
1.624448897795591207e-01 4.425059903889859036e+00
1.627254509018036255e-01 4.100730437170020615e+00
1.630060120240481025e-01 4.097506287037723460e+00
1.632865731462926073e-01 3.376562448271995809e+00
1.635671342685370844e-01 2.258803016621049320e+00
1.638476953907815892e-01 3.204717575292845400e+00
1.641282565130260662e-01 3.485609318428280368e+00
1.644088176352705433e-01 4.377106445778558452e+00
1.646893787575150481e-01 4.506399990587268256e+00
1.649699398797595251e-01 4.227366458908610625e+00
1.652505010020040299e-01 4.480075097476681201e+00
1.655310621242485070e-01 3.504980404739149069e+00
1.658116232464930118e-01 8.376936787263360884e+00
1.660921843687374888e-01 7.690160770608333252e+00
1.663727454909819936e-01 3.792554057056849004e+00
1.666533066132264707e-01 4.220116444785930732e+00
1.669338677354709755e-01 3.019468479156792728e+00
1.672144288577154525e-01 3.232831387060414396e+00
1.674949899799599295e-01 3.013750574696334006e+00
1.677755511022044344e-01 3.846188692525238206e+00
1.680561122244489114e-01 3.466310249223848228e+00
1.683366733466934162e-01 4.499521436409735564e+00
1.686172344689378932e-01 3.434498441177979089e+00
1.688977955911823980e-01 3.278081156171272603e+00
1.691783567134268751e-01 3.187671607046088873e+00
1.694589178356713521e-01 3.052228459682310380e+00
1.697394789579158569e-01 2.696867259192603505e+00
1.700200400801603340e-01 3.721276876787373844e+00
1.703006012024048388e-01 3.702124959462133713e+00
1.705811623246493158e-01 2.961793489066954610e+00
1.708617234468938206e-01 2.905559301682116846e+00
1.711422845691382977e-01 5.006957232141684422e+00
1.714228456913827747e-01 2.830270950416416298e+00
1.717034068136272795e-01 4.116972426052307732e+00
1.719839679358717566e-01 3.124887478463093338e+00
1.722645290581162614e-01 3.634540911220875525e+00
1.725450901803607384e-01 5.197500256519771433e+00
1.728256513026052432e-01 3.512074865042695837e+00
1.731062124248497203e-01 5.198490695152805152e+00
1.733867735470941973e-01 3.317184645116474595e+00
1.736673346693387021e-01 3.596237089529985997e+00
1.739478957915831792e-01 3.478045684352318201e+00
1.742284569138276840e-01 4.937561271117408168e+00
1.745090180360721610e-01 3.789550929021018533e+00
1.747895791583166658e-01 4.444550203078012629e+00
1.750701402805611429e-01 4.560265550130484513e+00
1.753507014028056199e-01 4.447346700759724492e+00
1.756312625250501247e-01 4.146361899055927225e+00
1.759118236472946017e-01 5.508958095051814219e+00
1.761923847695391065e-01 3.357718951757930892e+00
1.764729458917835836e-01 5.658947179742340516e+00
1.767535070140280884e-01 6.865701962820491389e+00
1.770340681362725654e-01 4.033711229376851115e+00
1.773146292585170425e-01 4.750864853256373088e+00
1.775951903807615473e-01 5.214246412373736206e+00
1.778757515030060243e-01 6.150995229533099184e+00
1.781563126252505291e-01 5.429173346903591657e+00
1.784368737474950062e-01 3.999031864673603387e+00
1.787174348697395110e-01 4.642398968829184902e+00
1.789979959919839880e-01 5.432252386973645208e+00
1.792785571142284651e-01 3.928294011251231677e+00
1.795591182364729699e-01 8.150793917246051734e+00
1.798396793587174469e-01 6.335117668497734833e+00
1.801202404809619517e-01 5.012401365150093824e+00
1.804008016032064288e-01 7.072218985208179376e+00
1.806813627254509336e-01 5.384986386480330012e+00
1.809619238476954106e-01 5.205077087122757185e+00
1.812424849699398877e-01 5.117684233587039166e+00
1.815230460921843925e-01 5.713363500244695636e+00
1.818036072144288695e-01 5.646249711357612888e+00
1.820841683366733743e-01 7.449935078081668216e+00
1.823647294589178514e-01 5.256070717373400036e+00
1.826452905811623562e-01 7.082587517389400844e+00
1.829258517034068332e-01 5.699461270794913936e+00
1.832064128256513102e-01 6.195320590286145901e+00
1.834869739478958151e-01 9.064625602275638627e+00
1.837675350701402921e-01 8.291147771458792448e+00
1.840480961923847969e-01 6.233516224111255610e+00
1.843286573146292739e-01 5.871676529890222263e+00
1.846092184368737787e-01 9.723852379892996112e+00
1.848897795591182558e-01 1.179976604827136910e+01
1.851703406813627328e-01 9.634976291561828887e+00
1.854509018036072376e-01 1.014351292311775588e+01
1.857314629258517147e-01 7.892065852400516945e+00
1.860120240480962195e-01 8.707728917215927567e+00
1.862925851703406965e-01 6.801280723966991459e+00
1.865731462925852013e-01 1.508910145921852042e+01
1.868537074148296784e-01 1.403022409695403105e+01
1.871342685370741554e-01 8.511142617223564244e+00
1.874148296593186602e-01 6.199914009163896012e+00
1.876953907815631650e-01 5.938126468688650128e+00
1.879759519038076421e-01 5.200303024767467974e+00
1.882565130260521191e-01 5.140255916811071302e+00
1.885370741482966239e-01 6.207407678497910197e+00
1.888176352705411010e-01 5.862599223856725494e+00
1.890981963927855780e-01 6.536109137847095241e+00
1.893787575150300828e-01 6.083741896214483802e+00
1.896593186372745876e-01 6.981118504346775389e+00
1.899398797595190647e-01 7.427314642109277720e+00
1.902204408817635417e-01 6.027103520743188447e+00
1.905010020040080465e-01 7.263177465983739367e+00
1.907815631262525236e-01 7.683860525919583573e+00
1.910621242484970006e-01 9.334278129045852523e+00
1.913426853707415054e-01 1.297992598732775882e+01
1.916232464929860102e-01 6.179158786722375396e+00
1.919038076152304872e-01 7.644709981105593855e+00
1.921843687374749643e-01 5.922046746421859353e+00
1.924649298597194691e-01 8.846804314469567387e+00
1.927454909819639461e-01 7.580772705153913549e+00
1.930260521042084232e-01 1.248239623391914499e+01
1.933066132264529280e-01 1.038883122536953429e+01
1.935871743486974328e-01 8.808990393063551139e+00
1.938677354709419098e-01 8.689268793323536855e+00
1.941482965931863869e-01 5.757161643893582870e+00
1.944288577154308917e-01 6.030063159249731797e+00
1.947094188376753687e-01 8.654526553403437461e+00
1.949899799599198458e-01 1.362104104282472150e+01
1.952705410821643506e-01 1.047391509229325379e+01
1.955511022044088554e-01 9.126757369771819839e+00
1.958316633266533324e-01 7.913338593505406138e+00
1.961122244488978095e-01 6.640562756316467308e+00
1.963927855711423143e-01 9.553062023587797214e+00
1.966733466933867913e-01 6.497169278252310498e+00
1.969539078156312684e-01 8.987543084081321965e+00
1.972344689378757732e-01 1.123289495196322818e+01
1.975150300601202780e-01 6.191501466473644300e+00
1.977955911823647550e-01 9.988751725634282153e+00
1.980761523046092321e-01 8.776617091399668169e+00
1.983567134268537369e-01 8.111093804096913829e+00
1.986372745490982139e-01 7.093244150558955852e+00
1.989178356713427187e-01 9.581630992637789390e+00
1.991983967935871958e-01 8.877467126061480585e+00
1.994789579158317006e-01 9.535447060642606942e+00
1.997595190380761776e-01 1.088827352327524700e+01
2.000400801603206546e-01 8.224645341500352203e+00
2.003206412825651594e-01 8.274729587701662226e+00
2.006012024048096365e-01 8.350414622119300745e+00
2.008817635270541413e-01 8.391125840683880455e+00
2.011623246492986183e-01 1.091829979945870654e+01
2.014428857715431231e-01 1.383132965145680515e+01
2.017234468937876002e-01 1.231239749395972538e+01
2.020040080160320772e-01 1.339432938738004886e+01
2.022845691382765820e-01 9.935167395500183574e+00
2.025651302605210868e-01 9.526879610619243266e+00
2.028456913827655361e-01 9.740271653784370542e+00
2.031262525050100409e-01 1.139051788147896360e+01
2.034068136272545457e-01 8.358961980831827177e+00
2.036873747494990228e-01 1.212721652728915700e+01
2.039679358717434998e-01 1.335603623356619174e+01
2.042484969939880046e-01 1.214046640994553528e+01
2.045290581162325094e-01 1.691317105406301025e+01
2.048096192384769587e-01 9.028762397036679488e+00
2.050901803607214635e-01 1.253958691337100184e+01
2.053707414829659683e-01 1.316190395267249968e+01
2.056513026052104454e-01 1.213507275383822659e+01
2.059318637274549224e-01 9.884677340253256617e+00
2.062124248496994272e-01 1.096971548755528225e+01
2.064929859719439320e-01 1.212228114599241202e+01
2.067735470941883813e-01 8.459711121666448008e+00
2.070541082164328861e-01 1.384360045394627114e+01
2.073346693386773909e-01 1.178993977564036122e+01
2.076152304609218679e-01 1.008754431758936754e+01
2.078957915831663450e-01 9.763302496022374655e+00
2.081763527054108498e-01 1.263239552400456844e+01
2.084569138276553546e-01 1.117877973649329704e+01
2.087374749498998316e-01 1.080703958140859022e+01
2.090180360721443087e-01 1.573211074480728300e+01
2.092985971943888135e-01 1.090180576803674839e+01
2.095791583166332905e-01 1.316032831571757633e+01
2.098597194388777676e-01 1.126692025126170726e+01
2.101402805611222724e-01 9.320368367809614085e+00
2.104208416833667772e-01 1.125250447261034736e+01
2.107014028056112542e-01 1.052237101839624245e+01
2.109819639278557313e-01 7.717565358685015475e+00
2.112625250501002361e-01 1.473522535593972194e+01
2.115430861723447131e-01 1.031653579555116629e+01
2.118236472945891902e-01 9.671176374462959302e+00
2.121042084168336950e-01 1.455249803753327953e+01
2.123847695390781998e-01 1.190606080510218590e+01
2.126653306613226768e-01 1.292452735040595613e+01
2.129458917835671539e-01 1.462675304393279951e+01
2.132264529058116587e-01 1.258568554872591250e+01
2.135070140280561357e-01 1.452032233968512109e+01
2.137875751503006128e-01 1.552100618814806232e+01
2.140681362725451176e-01 1.148624402185908266e+01
2.143486973947896224e-01 1.168133378756675178e+01
2.146292585170340994e-01 1.015380025391292129e+01
2.149098196392785765e-01 1.178934056620993331e+01
2.151903807615230813e-01 8.123807989738136115e+00
2.154709418837675583e-01 1.098500647090390281e+01
2.157515030060120353e-01 1.258654776080367022e+01
2.160320641282565401e-01 9.015386025691665139e+00
2.163126252505010449e-01 1.050184987241435408e+01
2.165931863727455220e-01 1.046235201898874578e+01
2.168737474949899990e-01 1.296613955841330679e+01
2.171543086172345038e-01 1.005747163937190614e+01
2.174348697394789809e-01 8.568794252514431165e+00
2.177154308617234579e-01 1.133971207673176451e+01
2.179959919839679627e-01 1.084865380303363835e+01
2.182765531062124675e-01 1.312478702722635404e+01
2.185571142284569446e-01 1.117115646266263873e+01
2.188376753507014216e-01 9.609125917928361460e+00
2.191182364729459264e-01 9.620366031609679069e+00
2.193987975951904035e-01 1.113450292250843354e+01
2.196793587174348805e-01 9.596703785403754239e+00
2.199599198396793853e-01 8.768683808803482194e+00
2.202404809619238901e-01 1.108124002001250652e+01
2.205210420841683672e-01 1.154387943649473414e+01
2.208016032064128442e-01 9.197940919436025098e+00
2.210821643286573490e-01 8.512465138095819839e+00
2.213627254509018261e-01 1.038300113968933225e+01
2.216432865731463031e-01 9.464122932886597894e+00
2.219238476953908079e-01 8.656046114203748587e+00
2.222044088176353127e-01 7.911785836884880574e+00
2.224849699398797898e-01 7.905321745141005607e+00
2.227655310621242668e-01 6.336518485010920188e+00
2.230460921843687716e-01 9.307799799714860711e+00
2.233266533066132487e-01 8.435554132179746034e+00
2.236072144288577257e-01 7.157208687229434041e+00
2.238877755511022305e-01 7.862155014752826965e+00
2.241683366733467353e-01 9.776880785690593711e+00
2.244488977955912123e-01 6.713056295247151972e+00
2.247294589178356894e-01 8.452742706310599985e+00
2.250100200400801942e-01 9.588210437546738518e+00
2.252905811623246712e-01 8.917696620760382942e+00
2.255711422845691483e-01 7.787246160760312286e+00
2.258517034068136531e-01 9.050769331114418392e+00
2.261322645290581579e-01 7.873722804392369490e+00
2.264128256513026349e-01 8.960043001487944636e+00
2.266933867735471120e-01 8.236155542884397107e+00
2.269739478957916168e-01 7.249673063802050343e+00
2.272545090180360938e-01 6.696873443159112149e+00
2.275350701402805709e-01 5.965141125536264965e+00
2.278156312625250757e-01 9.618165940129609126e+00
2.280961923847695805e-01 5.526728818458977344e+00
2.283767535070140575e-01 6.370249793119103998e+00
2.286573146292585346e-01 7.251086512038399157e+00
2.289378757515030394e-01 6.300410327158797230e+00
2.292184368737475442e-01 8.872530096381760600e+00
2.294989979959919935e-01 7.706159910688082704e+00
2.297795591182364983e-01 6.127817791392805802e+00
2.300601202404810031e-01 7.274952039151399319e+00
2.303406813627254801e-01 7.046834629104002268e+00
2.306212424849699572e-01 7.558539058865676452e+00
2.309018036072144620e-01 5.890177256171650555e+00
2.311823647294589668e-01 8.259537640890197707e+00
2.314629258517034160e-01 5.788581139685465615e+00
2.317434869739479208e-01 5.160351506506034802e+00
2.320240480961924256e-01 6.067010071895091450e+00
2.323046092184369027e-01 5.834759398115142659e+00
2.325851703406813797e-01 7.598674274864686495e+00
2.328657314629258845e-01 6.681777596933980767e+00
2.331462925851703893e-01 4.694294225127885412e+00
2.334268537074148386e-01 5.671633890243648501e+00
2.337074148296593434e-01 6.257563515465393245e+00
2.339879759519038482e-01 5.790933528458549695e+00
2.342685370741483253e-01 5.736905622548795769e+00
2.345490981963928023e-01 5.482330569293320188e+00
2.348296593186373071e-01 6.695619303151444157e+00
2.351102204408818119e-01 5.325798506185675407e+00
2.353907815631262890e-01 5.695384748430045718e+00
2.356713426853707660e-01 6.301092821234773211e+00
2.359519038076152708e-01 4.372664432358111419e+00
2.362324649298597479e-01 5.126391388294726070e+00
2.365130260521042249e-01 5.710746346010909136e+00
2.367935871743487297e-01 4.532007989314145391e+00
2.370741482965932345e-01 5.484574687441405416e+00
2.373547094188377116e-01 4.734734305778025565e+00
2.376352705410821886e-01 4.306445958849661082e+00
2.379158316633266934e-01 4.785775496781101701e+00
2.381963927855711705e-01 5.859346642488769241e+00
2.384769539078156475e-01 5.541231443565036940e+00
2.387575150300601523e-01 5.541528644059333431e+00
2.390380761523046571e-01 4.858825808137344104e+00
2.393186372745491342e-01 4.297049038807281285e+00
2.395991983967936112e-01 4.901515677223022394e+00
2.398797595190381160e-01 4.529340815195213921e+00
2.401603206412825930e-01 4.609754643461869250e+00
2.404408817635270701e-01 4.874262902567505940e+00
2.407214428857715749e-01 4.534584317799084552e+00
2.410020040080160797e-01 4.811132212970312239e+00
2.412825651302605567e-01 4.392883269803762758e+00
2.415631262525050338e-01 5.486612971900710178e+00
2.418436873747495386e-01 4.763948654534690519e+00
2.421242484969940156e-01 3.870096396639271852e+00
2.424048096192384927e-01 4.828220663758457043e+00
2.426853707414829975e-01 4.280754248668952044e+00
2.429659318637275023e-01 4.916150210616454075e+00
2.432464929859719793e-01 4.157463786605048561e+00
2.435270541082164564e-01 3.975594657384459385e+00
2.438076152304609612e-01 4.840968752195495384e+00
2.440881763527054382e-01 4.954672955738524287e+00
2.443687374749499153e-01 4.462716441910931309e+00
2.446492985971944201e-01 4.548961703181013227e+00
2.449298597194389249e-01 4.793012769509646276e+00
2.452104208416834019e-01 4.379144670446724064e+00
2.454909819639278790e-01 3.726999820162532284e+00
2.457715430861723838e-01 3.746159044511459424e+00
2.460521042084168608e-01 3.908509811303560788e+00
2.463326653306613379e-01 3.213524573201255841e+00
2.466132264529058427e-01 3.754322720708993977e+00
2.468937875751503475e-01 4.255750685160474056e+00
2.471743486973948245e-01 4.546400048052545273e+00
2.474549098196393015e-01 4.176004837047150531e+00
2.477354709418838064e-01 3.943895566527316543e+00
2.480160320641282834e-01 3.732538926931900036e+00
2.482965931863727604e-01 3.431127379561893065e+00
2.485771543086172652e-01 4.116752204553541183e+00
2.488577154308617700e-01 3.875126880342648406e+00
2.491382765531062471e-01 3.595466895775365046e+00
2.494188376753507241e-01 4.397923210713374331e+00
2.496993987975952289e-01 3.982325485133522136e+00
2.499799599198397060e-01 3.977796254919896857e+00
2.502605210420841830e-01 3.961615211583279450e+00
2.505410821643286878e-01 3.691026050015429938e+00
2.508216432865731926e-01 3.459102996364666449e+00
2.511022044088176974e-01 3.674274475273752838e+00
2.513827655310621467e-01 4.153387292169209211e+00
2.516633266533066515e-01 3.473106471727485545e+00
2.519438877755511008e-01 3.446475484879053308e+00
2.522244488977956056e-01 3.445119080995483252e+00
2.525050100200401104e-01 3.828013045399645708e+00
2.527855711422846152e-01 3.694776314810973350e+00
2.530661322645291200e-01 4.210216326489832461e+00
2.533466933867735693e-01 3.150476514400624151e+00
2.536272545090180741e-01 3.317271616195653472e+00
2.539078156312625234e-01 3.340807240885613094e+00
2.541883767535070282e-01 3.682913606726900380e+00
2.544689378757515330e-01 3.348124024832559886e+00
2.547494989979960378e-01 3.482288611134082501e+00
2.550300601202405426e-01 3.363721490444255391e+00
2.553106212424849919e-01 3.434638339288373476e+00
2.555911823647294967e-01 3.421095914226967682e+00
2.558717434869740015e-01 3.554692713392720194e+00
2.561523046092184508e-01 3.155873818740276615e+00
2.564328657314629556e-01 2.986557760089496139e+00
2.567134268537074604e-01 3.079413451105165400e+00
2.569939879759519652e-01 3.097069309343839283e+00
2.572745490981964145e-01 2.770466267039088937e+00
2.575551102204409193e-01 3.277836318925931192e+00
2.578356713426854241e-01 3.342977076448849783e+00
2.581162324649298734e-01 3.869505879430230610e+00
2.583967935871743782e-01 2.955255286406094140e+00
2.586773547094188830e-01 3.033250351666446853e+00
2.589579158316633878e-01 2.839686299717537388e+00
2.592384769539078371e-01 2.869101244153493102e+00
2.595190380761523419e-01 3.619914080488279673e+00
2.597995991983968467e-01 3.153309918192988004e+00
2.600801603206412960e-01 2.952215314110027133e+00
2.603607214428858008e-01 2.813048695179240166e+00
2.606412825651303056e-01 2.979978615857669322e+00
2.609218436873748104e-01 2.717717965297263838e+00
2.612024048096192597e-01 3.480294087184169438e+00
2.614829659318637645e-01 2.794597948119009079e+00
2.617635270541082693e-01 3.128368571307154067e+00
2.620440881763527186e-01 2.767610206562905795e+00
2.623246492985972234e-01 2.709674512826906412e+00
2.626052104208417282e-01 2.828407845761313322e+00
2.628857715430862330e-01 2.956154431090039836e+00
2.631663326653306823e-01 2.764137367223622910e+00
2.634468937875751871e-01 2.681107877744708379e+00
2.637274549098196919e-01 2.628334618953106272e+00
2.640080160320641411e-01 2.840040274850207602e+00
2.642885771543086459e-01 3.263945162461633132e+00
2.645691382765531507e-01 2.761693947188195608e+00
2.648496993987976555e-01 2.822296573877769887e+00
2.651302605210421603e-01 2.921043883115919115e+00
2.654108216432866096e-01 2.654933751371537642e+00
2.656913827655310589e-01 2.681656760959278518e+00
2.659719438877755637e-01 2.752434575211245349e+00
2.662525050100200685e-01 2.624719580046415590e+00
2.665330661322645733e-01 2.776018626901967767e+00
2.668136272545090781e-01 3.195640487526139939e+00
2.670941883767535829e-01 2.764664531693904248e+00
2.673747494989980322e-01 2.966231819078245291e+00
2.676553106212424815e-01 2.509035384155429593e+00
2.679358717434869863e-01 2.252264374744704867e+00
2.682164328657314911e-01 3.178128995309757787e+00
2.684969939879759959e-01 2.682209264264549198e+00
2.687775551102205007e-01 2.707008318124682233e+00
2.690581162324650055e-01 2.384929966533884116e+00
2.693386773547094548e-01 2.960662203451436714e+00
2.696192384769539041e-01 2.417606147424484320e+00
2.698997995991984089e-01 2.402534437197413997e+00
2.701803607214429137e-01 2.726674967581078413e+00
2.704609218436874185e-01 2.612543590415252748e+00
2.707414829659319233e-01 2.936278330175742912e+00
2.710220440881764281e-01 3.014434127296411248e+00
2.713026052104208774e-01 2.354494201701473166e+00
2.715831663326653267e-01 2.854692883896488897e+00
2.718637274549098315e-01 2.589854918804024742e+00
2.721442885771543363e-01 2.859077949888225056e+00
2.724248496993988411e-01 2.236233771272494231e+00
2.727054108216433459e-01 2.148000895753760631e+00
2.729859719438878507e-01 2.763637141715347578e+00
2.732665330661323000e-01 2.747825521857426345e+00
2.735470941883767493e-01 2.912475456956665987e+00
2.738276553106212541e-01 2.708775418928864198e+00
2.741082164328657589e-01 2.327389439432768992e+00
2.743887775551102637e-01 2.742380471788880669e+00
2.746693386773547685e-01 2.467477551431274119e+00
2.749498997995992733e-01 2.649934133509083800e+00
2.752304609218437226e-01 2.358696232507198509e+00
2.755110220440881719e-01 2.179459984671657136e+00
2.757915831663326767e-01 2.295621509768317470e+00
2.760721442885771815e-01 2.694595959477828373e+00
2.763527054108216863e-01 2.616121688103870913e+00
2.766332665330661911e-01 2.398884751623273193e+00
2.769138276553106959e-01 2.622579920127708686e+00
2.771943887775551452e-01 2.549672439059662121e+00
2.774749498997996500e-01 2.476982437447444063e+00
2.777555110220440993e-01 2.452197617573822708e+00
2.780360721442886041e-01 2.569941348234455081e+00
2.783166332665331089e-01 2.303167125835482665e+00
2.785971943887776137e-01 2.471048392219032941e+00
2.788777555110221185e-01 2.324218490152581307e+00
2.791583166332665678e-01 2.378121998182124219e+00
2.794388777555110726e-01 2.661819207032841028e+00
2.797194388777555218e-01 2.408134819213544997e+00
2.800000000000000266e-01 2.265426758376912986e+00
