lambda suscetibilidade
1.400000000000000133e-01 1.954178527312079083e+00
1.402805611222444904e-01 2.037859319299061500e+00
1.405611222444889952e-01 2.277959563652413255e+00
1.408416833667334722e-01 2.421801725546335327e+00
1.411222444889779770e-01 2.519140891715703656e+00
1.414028056112224541e-01 2.302952892403077989e+00
1.416833667334669589e-01 2.488338561146242967e+00
1.419639278557114359e-01 2.281360520808362935e+00
1.422444889779559130e-01 2.352235434235396827e+00
1.425250501002004178e-01 2.456360449363859999e+00
1.428056112224448948e-01 2.761675501542184996e+00
1.430861723446893996e-01 2.323520604858600347e+00
1.433667334669338767e-01 2.325204010909664554e+00
1.436472945891783815e-01 3.031124444870741730e+00
1.439278557114228585e-01 2.635631114304681777e+00
1.442084168336673355e-01 2.273644299811754088e+00
1.444889779559118403e-01 2.888625225072540825e+00
1.447695390781563174e-01 2.463901012831264836e+00
1.450501002004008222e-01 2.368335093970586502e+00
1.453306613226452992e-01 2.144814038323788807e+00
1.456112224448898040e-01 2.012169103224242139e+00
1.458917835671342811e-01 2.019827116316611715e+00
1.461723446893787859e-01 2.405553697867658602e+00
1.464529058116232629e-01 1.996071814580542059e+00
1.467334669338677400e-01 2.506779635200997891e+00
1.470140280561122448e-01 2.281165591722638553e+00
1.472945891783567218e-01 2.389808654095741502e+00
1.475751503006012266e-01 2.121783307297646637e+00
1.478557114228457037e-01 2.604286982145378904e+00
1.481362725450902085e-01 2.344374073353757471e+00
1.484168336673346855e-01 2.011104646115229322e+00
1.486973947895791626e-01 2.126654253023786190e+00
1.489779559118236674e-01 3.683256235092957631e+00
1.492585170340681444e-01 2.409225978916023081e+00
1.495390781563126492e-01 2.005199362201281588e+00
1.498196392785571263e-01 2.194388783425906375e+00
1.501002004008016311e-01 2.211339558759283452e+00
1.503807615230461081e-01 2.773317586976066895e+00
1.506613226452905852e-01 2.645048393172448886e+00
1.509418837675350900e-01 2.100446216606988159e+00
1.512224448897795670e-01 2.337959359214775823e+00
1.515030060120240718e-01 1.781031594954348929e+00
1.517835671342685488e-01 2.802321557466071145e+00
1.520641282565130536e-01 2.410066925894000622e+00
1.523446893787575307e-01 3.018406831403913415e+00
1.526252505010020077e-01 2.799875343520950022e+00
1.529058116232465125e-01 2.452405102249420210e+00
1.531863727454909896e-01 2.489966193596957478e+00
1.534669338677354944e-01 2.267117721683835185e+00
1.537474949899799714e-01 3.910970288314397969e+00
1.540280561122244762e-01 3.357514088372307359e+00
1.543086172344689533e-01 2.497747094994336337e+00
1.545891783567134303e-01 2.195524360811020870e+00
1.548697394789579351e-01 3.784813686606510075e+00
1.551503006012024122e-01 2.821650956095793639e+00
1.554308617234469170e-01 1.867190232159462893e+00
1.557114228456913940e-01 2.921731122735767627e+00
1.559919839679358988e-01 2.543119101388784831e+00
1.562725450901803759e-01 3.763972408701780736e+00
1.565531062124248529e-01 2.660891010905219733e+00
1.568336673346693577e-01 3.585639584304187277e+00
1.571142284569138348e-01 2.824465377550188450e+00
1.573947895791583396e-01 2.896472383299271591e+00
1.576753507014028166e-01 3.351329328512900663e+00
1.579559118236473214e-01 2.583346627451986954e+00
1.582364729458917985e-01 3.404191767451749673e+00
1.585170340681362755e-01 2.339627433730389949e+00
1.587975951903807803e-01 2.601122556223178339e+00
1.590781563126252574e-01 3.224693140360464838e+00
1.593587174348697622e-01 2.856444110780875345e+00
1.596392785571142392e-01 2.396045611053007729e+00
1.599198396793587440e-01 3.698373575208192765e+00
1.602004008016032210e-01 2.924271263432606904e+00
1.604809619238476981e-01 3.226698250489408615e+00
1.607615230460922029e-01 3.481656720765744950e+00
1.610420841683366799e-01 2.424445281038191347e+00
1.613226452905811847e-01 3.196927219995755909e+00
1.616032064128256618e-01 3.048089979062808652e+00
1.618837675350701666e-01 3.010803728939261958e+00
1.621643286573146436e-01 4.190434450768631081e+00
1.624448897795591207e-01 3.497492620760267901e+00
1.627254509018036255e-01 2.917954757651925579e+00
1.630060120240481025e-01 2.778873847573401168e+00
1.632865731462926073e-01 2.605973325725997825e+00
1.635671342685370844e-01 4.643938167286997931e+00
1.638476953907815892e-01 3.789396502609256867e+00
1.641282565130260662e-01 3.829783490327800521e+00
1.644088176352705433e-01 3.199366860117063727e+00
1.646893787575150481e-01 4.383141602468589859e+00
1.649699398797595251e-01 2.654751858016511257e+00
1.652505010020040299e-01 2.624461230591806249e+00
1.655310621242485070e-01 3.426721157117824212e+00
1.658116232464930118e-01 3.006094777411315810e+00
1.660921843687374888e-01 3.724883508075322869e+00
1.663727454909819936e-01 4.775491336267696951e+00
1.666533066132264707e-01 3.243915909833098077e+00
1.669338677354709755e-01 4.388163107109241068e+00
1.672144288577154525e-01 5.104301481638816362e+00
1.674949899799599295e-01 5.264792799068255924e+00
1.677755511022044344e-01 3.650078197165369076e+00
1.680561122244489114e-01 4.516934600312795034e+00
1.683366733466934162e-01 2.798591639164857980e+00
1.686172344689378932e-01 3.700294360192575294e+00
1.688977955911823980e-01 3.529608240710638611e+00
1.691783567134268751e-01 3.667134289105698386e+00
1.694589178356713521e-01 4.342158617362563255e+00
1.697394789579158569e-01 4.840442337199094780e+00
1.700200400801603340e-01 5.014776078965979877e+00
1.703006012024048388e-01 4.520960412789404970e+00
1.705811623246493158e-01 3.878759075286071223e+00
1.708617234468938206e-01 4.951591307894774197e+00
1.711422845691382977e-01 4.040059796015228244e+00
1.714228456913827747e-01 3.994732717008591560e+00
1.717034068136272795e-01 3.424125656440146326e+00
1.719839679358717566e-01 3.271518381567364298e+00
1.722645290581162614e-01 3.526776144130898683e+00
1.725450901803607384e-01 4.450289277093447460e+00
1.728256513026052432e-01 4.006259807406067353e+00
1.731062124248497203e-01 4.089793138249245175e+00
1.733867735470941973e-01 3.227602250137460604e+00
1.736673346693387021e-01 3.894637026720146444e+00
1.739478957915831792e-01 3.667700473750004075e+00
1.742284569138276840e-01 4.588077564020953680e+00
1.745090180360721610e-01 3.240836103695743375e+00
1.747895791583166658e-01 3.787898363659264689e+00
1.750701402805611429e-01 4.297208456585069669e+00
1.753507014028056199e-01 5.826458179250762370e+00
1.756312625250501247e-01 3.420099994904894913e+00
1.759118236472946017e-01 3.532997434172805651e+00
1.761923847695391065e-01 3.835515340864013467e+00
1.764729458917835836e-01 3.391971566600179955e+00
1.767535070140280884e-01 4.656256331134279058e+00
1.770340681362725654e-01 4.423823961097145485e+00
1.773146292585170425e-01 3.254424644066464367e+00
1.775951903807615473e-01 3.885118884837294395e+00
1.778757515030060243e-01 3.607860558280788776e+00
1.781563126252505291e-01 4.201355453750214686e+00
1.784368737474950062e-01 5.641187016566841628e+00
1.787174348697395110e-01 3.363479115697321387e+00
1.789979959919839880e-01 4.179209631196694197e+00
1.792785571142284651e-01 4.695144666985421544e+00
1.795591182364729699e-01 4.738128622699336212e+00
1.798396793587174469e-01 3.876976986052460994e+00
1.801202404809619517e-01 5.497408721009483301e+00
1.804008016032064288e-01 3.980993432101862961e+00
1.806813627254509336e-01 6.143520562329546131e+00
1.809619238476954106e-01 9.795964404208053367e+00
1.812424849699398877e-01 8.430565873085448914e+00
1.815230460921843925e-01 7.970042953129270913e+00
1.818036072144288695e-01 6.324279079213243726e+00
1.820841683366733743e-01 6.176472527378218835e+00
1.823647294589178514e-01 6.494689058376008184e+00
1.826452905811623562e-01 6.735649248706264025e+00
1.829258517034068332e-01 6.798791911179541181e+00
1.832064128256513102e-01 6.517987899377745364e+00
1.834869739478958151e-01 9.232652354059680988e+00
1.837675350701402921e-01 5.827454628497425126e+00
1.840480961923847969e-01 5.732590495452307700e+00
1.843286573146292739e-01 5.481950066497089935e+00
1.846092184368737787e-01 6.101727918845070597e+00
1.848897795591182558e-01 7.493040983961050117e+00
1.851703406813627328e-01 6.413719625989993567e+00
1.854509018036072376e-01 6.008806896707722167e+00
1.857314629258517147e-01 4.646401467216468184e+00
1.860120240480962195e-01 6.134837070643469836e+00
1.862925851703406965e-01 6.338411478843346991e+00
1.865731462925852013e-01 9.176845478142727330e+00
1.868537074148296784e-01 7.611885910851433401e+00
1.871342685370741554e-01 6.078438535203548376e+00
1.874148296593186602e-01 5.000961328559735186e+00
1.876953907815631650e-01 7.186943339607936743e+00
1.879759519038076421e-01 5.646423717135533593e+00
1.882565130260521191e-01 6.985552833347218105e+00
1.885370741482966239e-01 5.132024598520268377e+00
1.888176352705411010e-01 6.725383050329126533e+00
1.890981963927855780e-01 5.463464532443935262e+00
1.893787575150300828e-01 6.439733211189314410e+00
1.896593186372745876e-01 8.281119488752985092e+00
1.899398797595190647e-01 6.108274776477424339e+00
1.902204408817635417e-01 6.388581003494483213e+00
1.905010020040080465e-01 7.594055016987551809e+00
1.907815631262525236e-01 5.803293638162251966e+00
1.910621242484970006e-01 7.709351956326117694e+00
1.913426853707415054e-01 7.418524112166291928e+00
1.916232464929860102e-01 6.616092148625312142e+00
1.919038076152304872e-01 5.415769391834086122e+00
1.921843687374749643e-01 6.207028165080764381e+00
1.924649298597194691e-01 6.800624898142318742e+00
1.927454909819639461e-01 7.162909313368841957e+00
1.930260521042084232e-01 6.929904181916907824e+00
1.933066132264529280e-01 9.678185213640457363e+00
1.935871743486974328e-01 7.941662825880482224e+00
1.938677354709419098e-01 7.582560545276308517e+00
1.941482965931863869e-01 8.490360807810908739e+00
1.944288577154308917e-01 1.112309594339759222e+01
1.947094188376753687e-01 7.931571589233044506e+00
1.949899799599198458e-01 8.094906206950696514e+00
1.952705410821643506e-01 6.853932687302146221e+00
1.955511022044088554e-01 1.136700494495510050e+01
1.958316633266533324e-01 1.050702990716781926e+01
1.961122244488978095e-01 6.575016363742699710e+00
1.963927855711423143e-01 6.855677082456359983e+00
1.966733466933867913e-01 9.617796265750099494e+00
1.969539078156312684e-01 7.585834178963834162e+00
1.972344689378757732e-01 1.028278036574039156e+01
1.975150300601202780e-01 1.068975647448178812e+01
1.977955911823647550e-01 7.698894715912028452e+00
1.980761523046092321e-01 1.127990044283743742e+01
1.983567134268537369e-01 1.061416616437444915e+01
1.986372745490982139e-01 9.821069648097735083e+00
1.989178356713427187e-01 1.408237883547363722e+01
1.991983967935871958e-01 6.968325246651720484e+00
1.994789579158317006e-01 9.658102380891689265e+00
1.997595190380761776e-01 1.197677160688872711e+01
2.000400801603206546e-01 1.512570338313498297e+01
2.003206412825651594e-01 1.296939544186986737e+01
2.006012024048096365e-01 1.203254035975400349e+01
2.008817635270541413e-01 1.324491027037216639e+01
2.011623246492986183e-01 1.162900680603676307e+01
2.014428857715431231e-01 1.112133753350230414e+01
2.017234468937876002e-01 9.444574071021660799e+00
2.020040080160320772e-01 9.242521715962915607e+00
2.022845691382765820e-01 9.367702196038601770e+00
2.025651302605210868e-01 1.546336484472412209e+01
2.028456913827655361e-01 1.028033792769808130e+01
2.031262525050100409e-01 9.975020831957369438e+00
2.034068136272545457e-01 1.261319535874882014e+01
2.036873747494990228e-01 7.902429979602731969e+00
2.039679358717434998e-01 9.698906788705640380e+00
2.042484969939880046e-01 8.492963505929768786e+00
2.045290581162325094e-01 8.386455940691508459e+00
2.048096192384769587e-01 6.697740398699603581e+00
2.050901803607214635e-01 1.086263451435750937e+01
2.053707414829659683e-01 7.522633371866782603e+00
2.056513026052104454e-01 1.093766758590921384e+01
2.059318637274549224e-01 1.034306406311373827e+01
2.062124248496994272e-01 1.266551845492899453e+01
2.064929859719439320e-01 1.499281685611208736e+01
2.067735470941883813e-01 1.023711001462661052e+01
2.070541082164328861e-01 1.396678002324530610e+01
2.073346693386773909e-01 8.921663515518684306e+00
2.076152304609218679e-01 1.066964953519558179e+01
2.078957915831663450e-01 8.927851963895589549e+00
2.081763527054108498e-01 1.100440744319093689e+01
2.084569138276553546e-01 1.055691646357138680e+01
2.087374749498998316e-01 1.092036043815761559e+01
2.090180360721443087e-01 1.022264694270630159e+01
2.092985971943888135e-01 8.842553884095485373e+00
2.095791583166332905e-01 1.338395845077924129e+01
2.098597194388777676e-01 1.354449641475780552e+01
2.101402805611222724e-01 1.020041341831906045e+01
2.104208416833667772e-01 9.607312937218290827e+00
2.107014028056112542e-01 9.786803568195988845e+00
2.109819639278557313e-01 1.269817738661605944e+01
2.112625250501002361e-01 1.402935650907078013e+01
2.115430861723447131e-01 1.328016748587738149e+01
2.118236472945891902e-01 1.224589122006750586e+01
2.121042084168336950e-01 9.814465964730674230e+00
2.123847695390781998e-01 1.463102428259146315e+01
2.126653306613226768e-01 1.160618311379074008e+01
2.129458917835671539e-01 1.430401499798843368e+01
2.132264529058116587e-01 1.055642413413942116e+01
2.135070140280561357e-01 1.359991247329639563e+01
2.137875751503006128e-01 1.220760235297447416e+01
2.140681362725451176e-01 1.102568031657109060e+01
2.143486973947896224e-01 1.259273870124298789e+01
2.146292585170340994e-01 1.543506036445061547e+01
2.149098196392785765e-01 1.331977933010461435e+01
2.151903807615230813e-01 1.053617299290923981e+01
2.154709418837675583e-01 8.484581925609896658e+00
2.157515030060120353e-01 1.244012138834870029e+01
2.160320641282565401e-01 8.748790495849139148e+00
2.163126252505010449e-01 1.225317677780438075e+01
2.165931863727455220e-01 9.208725633597721227e+00
2.168737474949899990e-01 1.074918508507155046e+01
2.171543086172345038e-01 1.158216508934486022e+01
2.174348697394789809e-01 9.697176039510939205e+00
2.177154308617234579e-01 1.323411004257454060e+01
2.179959919839679627e-01 9.256396064369127430e+00
2.182765531062124675e-01 1.342702444735227196e+01
2.185571142284569446e-01 9.080354243603089515e+00
2.188376753507014216e-01 8.882515096410244837e+00
2.191182364729459264e-01 1.017658171996986027e+01
2.193987975951904035e-01 9.045106810529238928e+00
2.196793587174348805e-01 9.062655625585440688e+00
2.199599198396793853e-01 8.866864537566575777e+00
2.202404809619238901e-01 9.678773086852999086e+00
2.205210420841683672e-01 8.394583169522439547e+00
2.208016032064128442e-01 1.100044318251867637e+01
2.210821643286573490e-01 1.153700670945513274e+01
2.213627254509018261e-01 1.345946731014267606e+01
2.216432865731463031e-01 7.495316149559060115e+00
2.219238476953908079e-01 8.739718807852883131e+00
2.222044088176353127e-01 6.456738181620942818e+00
2.224849699398797898e-01 8.081531437699231546e+00
2.227655310621242668e-01 6.086504534097743502e+00
2.230460921843687716e-01 7.511532211573586082e+00
2.233266533066132487e-01 9.011231588346888088e+00
2.236072144288577257e-01 9.436429537945974388e+00
2.238877755511022305e-01 7.419646916267147674e+00
2.241683366733467353e-01 8.271651132022393327e+00
2.244488977955912123e-01 7.706792523284661911e+00
2.247294589178356894e-01 7.256406172731508342e+00
2.250100200400801942e-01 7.195171341194250836e+00
2.252905811623246712e-01 8.324333399008896350e+00
2.255711422845691483e-01 8.382660259929847868e+00
2.258517034068136531e-01 6.162300782431260338e+00
2.261322645290581579e-01 6.753410882700324969e+00
2.264128256513026349e-01 6.581018698612576934e+00
2.266933867735471120e-01 5.644880740500149763e+00
2.269739478957916168e-01 8.448060592224750920e+00
2.272545090180360938e-01 5.760214205944472532e+00
2.275350701402805709e-01 5.764904433724099775e+00
2.278156312625250757e-01 6.311071199917378749e+00
2.280961923847695805e-01 7.939499846401190553e+00
2.283767535070140575e-01 7.079732664199289260e+00
2.286573146292585346e-01 4.777335559293257816e+00
2.289378757515030394e-01 6.607081402819089178e+00
2.292184368737475442e-01 7.655928579655360444e+00
2.294989979959919935e-01 7.962951838045905895e+00
2.297795591182364983e-01 5.948363779235748439e+00
2.300601202404810031e-01 6.190685056877329728e+00
2.303406813627254801e-01 5.008284384451274995e+00
2.306212424849699572e-01 6.263554518202487209e+00
2.309018036072144620e-01 7.668693316028678097e+00
2.311823647294589668e-01 6.634659966814242082e+00
2.314629258517034160e-01 6.896346147771659219e+00
2.317434869739479208e-01 5.066405475554391913e+00
2.320240480961924256e-01 7.284792043084186375e+00
2.323046092184369027e-01 6.569686093084008860e+00
2.325851703406813797e-01 5.671771744303620189e+00
2.328657314629258845e-01 5.126936539131238924e+00
2.331462925851703893e-01 6.243931514396629190e+00
2.334268537074148386e-01 7.035996551724218229e+00
2.337074148296593434e-01 4.783229608872189509e+00
2.339879759519038482e-01 4.504909710265445177e+00
2.342685370741483253e-01 5.697163697629399337e+00
2.345490981963928023e-01 6.044785677319098660e+00
2.348296593186373071e-01 4.757429973600652673e+00
2.351102204408818119e-01 4.547143438426163087e+00
2.353907815631262890e-01 5.079678128950999572e+00
2.356713426853707660e-01 4.602131420990029476e+00
2.359519038076152708e-01 6.195055874407386476e+00
2.362324649298597479e-01 5.496739942962125092e+00
2.365130260521042249e-01 5.286932898659925328e+00
2.367935871743487297e-01 4.937006204991281066e+00
2.370741482965932345e-01 6.313328071254046492e+00
2.373547094188377116e-01 4.656689930937873534e+00
2.376352705410821886e-01 5.034806083899794338e+00
2.379158316633266934e-01 5.618699022385903241e+00
2.381963927855711705e-01 4.195601958941903575e+00
2.384769539078156475e-01 5.741144349205822728e+00
2.387575150300601523e-01 5.352467489809279222e+00
2.390380761523046571e-01 4.459157816140446151e+00
2.393186372745491342e-01 5.347578518627756239e+00
2.395991983967936112e-01 4.727263793567687777e+00
2.398797595190381160e-01 4.358655202035468079e+00
2.401603206412825930e-01 4.957130009024412587e+00
2.404408817635270701e-01 4.476011190126166994e+00
2.407214428857715749e-01 4.423050608414906826e+00
2.410020040080160797e-01 4.072862703779043692e+00
2.412825651302605567e-01 5.254286348221280711e+00
2.415631262525050338e-01 3.746553917065263306e+00
2.418436873747495386e-01 4.745203992412956318e+00
2.421242484969940156e-01 3.226112421168951805e+00
2.424048096192384927e-01 4.733470188343189555e+00
2.426853707414829975e-01 4.813311402007627748e+00
2.429659318637275023e-01 4.752220199125959610e+00
2.432464929859719793e-01 3.910596411416725982e+00
2.435270541082164564e-01 5.152839892222888629e+00
2.438076152304609612e-01 4.196643517408007895e+00
2.440881763527054382e-01 4.104712160993057246e+00
2.443687374749499153e-01 4.098749446242970329e+00
2.446492985971944201e-01 4.862613984868852768e+00
2.449298597194389249e-01 4.658493651275634306e+00
2.452104208416834019e-01 4.637633002853204012e+00
2.454909819639278790e-01 4.254356829148176367e+00
2.457715430861723838e-01 4.225773686248551542e+00
2.460521042084168608e-01 3.847884947565520797e+00
2.463326653306613379e-01 4.104190850662402745e+00
2.466132264529058427e-01 3.762280173753161261e+00
2.468937875751503475e-01 4.361754055453071821e+00
2.471743486973948245e-01 4.315307397137106094e+00
2.474549098196393015e-01 4.046889355225549600e+00
2.477354709418838064e-01 3.916819950882881596e+00
2.480160320641282834e-01 3.464592023257982323e+00
2.482965931863727604e-01 4.221971699379509779e+00
2.485771543086172652e-01 4.005296761059341293e+00
2.488577154308617700e-01 4.004594353909518567e+00
2.491382765531062471e-01 4.459859802313635768e+00
2.494188376753507241e-01 3.925611930200951782e+00
2.496993987975952289e-01 3.206084517567096448e+00
2.499799599198397060e-01 4.442240980215331092e+00
2.502605210420841830e-01 4.049839342947731957e+00
2.505410821643286878e-01 4.197509605387018006e+00
2.508216432865731926e-01 3.730585582032132308e+00
2.511022044088176974e-01 3.752243141166045515e+00
2.513827655310621467e-01 3.495808356878243206e+00
2.516633266533066515e-01 3.316561462600835952e+00
2.519438877755511008e-01 3.598820692064016669e+00
2.522244488977956056e-01 3.861563276636656550e+00
2.525050100200401104e-01 3.386793683130756349e+00
2.527855711422846152e-01 3.670347980389107700e+00
2.530661322645291200e-01 3.596148958922478656e+00
2.533466933867735693e-01 3.712391412454611572e+00
2.536272545090180741e-01 3.589899583086547441e+00
2.539078156312625234e-01 3.835177029537276461e+00
2.541883767535070282e-01 3.800400745264590707e+00
2.544689378757515330e-01 3.044184543607513671e+00
2.547494989979960378e-01 3.629949935686207052e+00
2.550300601202405426e-01 3.510891465273497491e+00
2.553106212424849919e-01 3.864744246874106448e+00
2.555911823647294967e-01 3.039624736007913164e+00
2.558717434869740015e-01 3.857074848005997314e+00
2.561523046092184508e-01 3.202336173427369204e+00
2.564328657314629556e-01 3.059696210447649278e+00
2.567134268537074604e-01 3.650852076989973938e+00
2.569939879759519652e-01 3.372757808579963879e+00
2.572745490981964145e-01 3.552448322298153549e+00
2.575551102204409193e-01 3.410923614193531961e+00
2.578356713426854241e-01 3.647618906580629705e+00
2.581162324649298734e-01 2.702062590287422683e+00
2.583967935871743782e-01 3.836757177447751577e+00
2.586773547094188830e-01 3.040214872201977947e+00
2.589579158316633878e-01 3.346817355263824734e+00
2.592384769539078371e-01 3.169327162926434127e+00
2.595190380761523419e-01 3.182718444956857962e+00
2.597995991983968467e-01 2.645301839271118727e+00
2.600801603206412960e-01 3.085591908486807977e+00
2.603607214428858008e-01 3.021061264127290258e+00
2.606412825651303056e-01 3.183136741532516467e+00
2.609218436873748104e-01 3.079531292751210625e+00
2.612024048096192597e-01 2.788638256726466480e+00
2.614829659318637645e-01 3.264144250697211813e+00
2.617635270541082693e-01 2.884727418390827580e+00
2.620440881763527186e-01 2.762176899155780241e+00
2.623246492985972234e-01 2.937866319266773552e+00
2.626052104208417282e-01 3.122476078463933380e+00
2.628857715430862330e-01 3.170965551461671250e+00
2.631663326653306823e-01 2.482579398453246711e+00
2.634468937875751871e-01 3.049208769056050539e+00
2.637274549098196919e-01 3.387910077662009467e+00
2.640080160320641411e-01 2.698050903809243284e+00
2.642885771543086459e-01 2.591037212936021294e+00
2.645691382765531507e-01 2.473479563409159976e+00
2.648496993987976555e-01 2.550009382521171375e+00
2.651302605210421603e-01 2.452404015098665013e+00
2.654108216432866096e-01 2.869670428886467839e+00
2.656913827655310589e-01 2.882921712490476907e+00
2.659719438877755637e-01 2.718688200865265525e+00
2.662525050100200685e-01 2.580419150281407781e+00
2.665330661322645733e-01 2.906066026442918115e+00
2.668136272545090781e-01 2.644116688513894253e+00
2.670941883767535829e-01 2.836814408465763826e+00
2.673747494989980322e-01 2.821479520639348149e+00
2.676553106212424815e-01 2.659156613557064119e+00
2.679358717434869863e-01 2.496838832537002784e+00
2.682164328657314911e-01 2.768715817713352401e+00
2.684969939879759959e-01 2.433293026424960814e+00
2.687775551102205007e-01 2.652257099339697888e+00
2.690581162324650055e-01 2.473059260171051488e+00
2.693386773547094548e-01 2.733286203626457134e+00
2.696192384769539041e-01 2.851691188176108227e+00
2.698997995991984089e-01 2.672873572683555743e+00
2.701803607214429137e-01 2.582718057810326151e+00
2.704609218436874185e-01 2.660379894708965409e+00
2.707414829659319233e-01 2.839347698172413725e+00
2.710220440881764281e-01 3.174082385440871956e+00
2.713026052104208774e-01 2.752077558245994204e+00
2.715831663326653267e-01 2.514273575004336347e+00
2.718637274549098315e-01 2.546646117091578621e+00
2.721442885771543363e-01 2.492093633787463514e+00
2.724248496993988411e-01 2.504253807867154347e+00
2.727054108216433459e-01 2.584450029958589745e+00
2.729859719438878507e-01 2.433149825257832077e+00
2.732665330661323000e-01 2.391299551874203289e+00
2.735470941883767493e-01 2.562617065953556761e+00
2.738276553106212541e-01 2.569013680525295218e+00
2.741082164328657589e-01 2.310171659111677656e+00
2.743887775551102637e-01 2.628301780842036806e+00
2.746693386773547685e-01 2.652091562090395094e+00
2.749498997995992733e-01 2.189790252273482007e+00
2.752304609218437226e-01 2.320379532595723493e+00
2.755110220440881719e-01 2.274566536024212215e+00
2.757915831663326767e-01 2.490602843149076762e+00
2.760721442885771815e-01 2.027774015917211958e+00
2.763527054108216863e-01 2.474618239514879914e+00
2.766332665330661911e-01 2.440231480349594584e+00
2.769138276553106959e-01 2.262955300109477097e+00
2.771943887775551452e-01 2.575996424384666472e+00
2.774749498997996500e-01 2.446994484444410478e+00
2.777555110220440993e-01 2.313509308945312259e+00
2.780360721442886041e-01 2.349280472994439872e+00
2.783166332665331089e-01 2.087617911988399744e+00
2.785971943887776137e-01 2.659225535367205406e+00
2.788777555110221185e-01 2.419744771431961539e+00
2.791583166332665678e-01 2.561210608993703008e+00
2.794388777555110726e-01 2.585334111893568210e+00
2.797194388777555218e-01 2.167220184550961104e+00
2.800000000000000266e-01 2.338400680953543809e+00
