lambda suscetibilidade
1.400000000000000133e-01 2.182000591187808425e+00
1.402805611222444904e-01 2.280538006142478036e+00
1.405611222444889952e-01 2.164231711425133486e+00
1.408416833667334722e-01 2.194648648881156294e+00
1.411222444889779770e-01 4.226001989034084971e+00
1.414028056112224541e-01 2.724003867372471799e+00
1.416833667334669589e-01 2.240419477576241380e+00
1.419639278557114359e-01 2.346319904364515097e+00
1.422444889779559130e-01 2.271050943694099100e+00
1.425250501002004178e-01 2.603313094863635602e+00
1.428056112224448948e-01 1.976751278948186030e+00
1.430861723446893996e-01 2.647519938230466163e+00
1.433667334669338767e-01 2.307347916243013497e+00
1.436472945891783815e-01 2.607281768131375799e+00
1.439278557114228585e-01 2.956746274749948888e+00
1.442084168336673355e-01 2.706899598971387544e+00
1.444889779559118403e-01 2.065851449707504450e+00
1.447695390781563174e-01 2.801662466667549367e+00
1.450501002004008222e-01 2.635333628188116784e+00
1.453306613226452992e-01 2.246724761098989998e+00
1.456112224448898040e-01 2.851073225682323020e+00
1.458917835671342811e-01 3.579005517161494954e+00
1.461723446893787859e-01 2.091817568565297325e+00
1.464529058116232629e-01 2.393902517741595570e+00
1.467334669338677400e-01 2.988131289308279648e+00
1.470140280561122448e-01 2.550846233257743290e+00
1.472945891783567218e-01 2.881086400392802283e+00
1.475751503006012266e-01 2.055188937242871994e+00
1.478557114228457037e-01 3.449159241735511028e+00
1.481362725450902085e-01 2.370793057050867514e+00
1.484168336673346855e-01 2.359540556664154742e+00
1.486973947895791626e-01 3.077750145968658924e+00
1.489779559118236674e-01 2.552115843065445144e+00
1.492585170340681444e-01 2.503235817764021043e+00
1.495390781563126492e-01 2.816473129331145575e+00
1.498196392785571263e-01 3.136826981319506213e+00
1.501002004008016311e-01 2.468237859698350523e+00
1.503807615230461081e-01 2.793545819689855936e+00
1.506613226452905852e-01 2.002879015652590411e+00
1.509418837675350900e-01 2.367715624875680547e+00
1.512224448897795670e-01 2.833631295951163587e+00
1.515030060120240718e-01 2.847665405034831121e+00
1.517835671342685488e-01 2.424390673741670277e+00
1.520641282565130536e-01 2.568220778859149345e+00
1.523446893787575307e-01 2.363124199869412578e+00
1.526252505010020077e-01 2.596124727882473948e+00
1.529058116232465125e-01 2.368545447009235971e+00
1.531863727454909896e-01 2.546661316537770503e+00
1.534669338677354944e-01 2.273422949210715860e+00
1.537474949899799714e-01 2.590482289308453367e+00
1.540280561122244762e-01 2.699160982300393474e+00
1.543086172344689533e-01 3.209107036623503717e+00
1.545891783567134303e-01 3.043002191434700521e+00
1.548697394789579351e-01 3.013245023606685891e+00
1.551503006012024122e-01 3.033813897176046659e+00
1.554308617234469170e-01 2.535424677248401704e+00
1.557114228456913940e-01 2.696673821691734307e+00
1.559919839679358988e-01 2.578194272929319908e+00
1.562725450901803759e-01 2.306096026076841721e+00
1.565531062124248529e-01 2.307504992397749533e+00
1.568336673346693577e-01 2.910259822098118399e+00
1.571142284569138348e-01 2.924697137952612991e+00
1.573947895791583396e-01 2.469828185947895882e+00
1.576753507014028166e-01 2.318200850680360858e+00
1.579559118236473214e-01 2.735244266919396594e+00
1.582364729458917985e-01 3.049568294086925757e+00
1.585170340681362755e-01 3.223805188964017354e+00
1.587975951903807803e-01 2.548385905274347607e+00
1.590781563126252574e-01 3.149657376926363384e+00
1.593587174348697622e-01 3.471709636989340542e+00
1.596392785571142392e-01 2.339134797048181280e+00
1.599198396793587440e-01 2.502558366017607838e+00
1.602004008016032210e-01 3.444706731031313751e+00
1.604809619238476981e-01 3.667770320606329015e+00
1.607615230460922029e-01 3.344267002845807912e+00
1.610420841683366799e-01 3.563407408183315361e+00
1.613226452905811847e-01 3.539247776877130658e+00
1.616032064128256618e-01 2.880756175168603050e+00
1.618837675350701666e-01 4.824401672620553860e+00
1.621643286573146436e-01 2.414992410591549010e+00
1.624448897795591207e-01 8.892862027650508594e+00
1.627254509018036255e-01 4.652408466830403988e+00
1.630060120240481025e-01 3.228433927624128952e+00
1.632865731462926073e-01 3.347237650261642550e+00
1.635671342685370844e-01 2.500196608883957783e+00
1.638476953907815892e-01 2.976403915692731328e+00
1.641282565130260662e-01 2.527591593645776236e+00
1.644088176352705433e-01 3.441132029726708730e+00
1.646893787575150481e-01 3.869793077470827569e+00
1.649699398797595251e-01 4.399478706639618153e+00
1.652505010020040299e-01 2.533215057653360081e+00
1.655310621242485070e-01 3.116962094890504353e+00
1.658116232464930118e-01 3.866639754644147775e+00
1.660921843687374888e-01 3.655832909711123513e+00
1.663727454909819936e-01 3.052301011336899794e+00
1.666533066132264707e-01 3.638088095794469901e+00
1.669338677354709755e-01 3.475917437069091509e+00
1.672144288577154525e-01 3.607932269617723620e+00
1.674949899799599295e-01 5.260710635873080854e+00
1.677755511022044344e-01 2.791729040960753583e+00
1.680561122244489114e-01 2.434532694139432962e+00
1.683366733466934162e-01 2.888906883260203617e+00
1.686172344689378932e-01 3.716008662997932976e+00
1.688977955911823980e-01 5.524373472988671097e+00
1.691783567134268751e-01 5.645460110178976976e+00
1.694589178356713521e-01 5.487578090530241148e+00
1.697394789579158569e-01 5.658350815692817726e+00
1.700200400801603340e-01 4.267108238469242032e+00
1.703006012024048388e-01 3.880578845082525596e+00
1.705811623246493158e-01 1.053015388848187506e+01
1.708617234468938206e-01 7.274747460981048519e+00
1.711422845691382977e-01 4.439975974748923804e+00
1.714228456913827747e-01 2.631799076603555942e+00
1.717034068136272795e-01 4.254147402855624094e+00
1.719839679358717566e-01 2.842477602122571945e+00
1.722645290581162614e-01 3.289989555328011850e+00
1.725450901803607384e-01 4.269660986824075799e+00
1.728256513026052432e-01 2.933137001838991509e+00
1.731062124248497203e-01 3.667534752441934387e+00
1.733867735470941973e-01 4.000180078703252207e+00
1.736673346693387021e-01 4.650057041538667946e+00
1.739478957915831792e-01 4.587500916793568528e+00
1.742284569138276840e-01 4.928371660596839732e+00
1.745090180360721610e-01 4.522246247032799538e+00
1.747895791583166658e-01 3.831255593697610262e+00
1.750701402805611429e-01 3.167663558228406284e+00
1.753507014028056199e-01 3.882172063598361422e+00
1.756312625250501247e-01 3.584071899278051809e+00
1.759118236472946017e-01 4.316650389239532259e+00
1.761923847695391065e-01 3.980841875194587764e+00
1.764729458917835836e-01 5.527019507076889049e+00
1.767535070140280884e-01 4.025073822481832764e+00
1.770340681362725654e-01 6.064473619900848433e+00
1.773146292585170425e-01 3.884940802856387432e+00
1.775951903807615473e-01 3.479523464457113580e+00
1.778757515030060243e-01 4.315659074604933920e+00
1.781563126252505291e-01 3.404186897481205065e+00
1.784368737474950062e-01 3.953553202257749533e+00
1.787174348697395110e-01 3.307143862305742310e+00
1.789979959919839880e-01 4.161552504873417213e+00
1.792785571142284651e-01 4.603830949255611316e+00
1.795591182364729699e-01 4.867568876337058370e+00
1.798396793587174469e-01 5.266302074484560336e+00
1.801202404809619517e-01 6.680798104985502306e+00
1.804008016032064288e-01 4.120594993437792120e+00
1.806813627254509336e-01 4.817425771585304162e+00
1.809619238476954106e-01 4.864162237467552607e+00
1.812424849699398877e-01 5.000397617727872834e+00
1.815230460921843925e-01 7.037026787146434259e+00
1.818036072144288695e-01 4.552752110103036820e+00
1.820841683366733743e-01 5.639040884077490823e+00
1.823647294589178514e-01 4.818127164840855237e+00
1.826452905811623562e-01 5.311023558293348934e+00
1.829258517034068332e-01 4.437794750417061174e+00
1.832064128256513102e-01 4.322389881748210705e+00
1.834869739478958151e-01 7.382779153714839282e+00
1.837675350701402921e-01 1.402347023102437085e+01
1.840480961923847969e-01 6.356359237418555352e+00
1.843286573146292739e-01 5.088857630647499519e+00
1.846092184368737787e-01 8.775573591597805034e+00
1.848897795591182558e-01 5.583393169150054902e+00
1.851703406813627328e-01 5.862770558433785695e+00
1.854509018036072376e-01 8.801213614667437568e+00
1.857314629258517147e-01 5.615013686358159894e+00
1.860120240480962195e-01 5.654370675485388631e+00
1.862925851703406965e-01 5.518992513570968761e+00
1.865731462925852013e-01 7.079517562788951501e+00
1.868537074148296784e-01 1.189869328660145520e+01
1.871342685370741554e-01 5.384679655500848483e+00
1.874148296593186602e-01 5.632146250040060309e+00
1.876953907815631650e-01 5.774730582437966220e+00
1.879759519038076421e-01 1.793337443604384163e+01
1.882565130260521191e-01 6.812512433274752865e+00
1.885370741482966239e-01 6.558790847885699549e+00
1.888176352705411010e-01 5.857610790247907318e+00
1.890981963927855780e-01 8.680725968622132527e+00
1.893787575150300828e-01 5.139050993823906843e+00
1.896593186372745876e-01 6.484344022630676108e+00
1.899398797595190647e-01 7.984393506108318661e+00
1.902204408817635417e-01 8.819058065695239534e+00
1.905010020040080465e-01 7.248128248260295337e+00
1.907815631262525236e-01 5.822277475040590566e+00
1.910621242484970006e-01 8.201262906609400716e+00
1.913426853707415054e-01 1.030650585576276690e+01
1.916232464929860102e-01 8.372451310162677629e+00
1.919038076152304872e-01 8.815639757336665383e+00
1.921843687374749643e-01 1.076496466005160890e+01
1.924649298597194691e-01 8.021250518384281492e+00
1.927454909819639461e-01 9.265099553711692693e+00
1.930260521042084232e-01 8.928280393672382687e+00
1.933066132264529280e-01 6.037938917122962934e+00
1.935871743486974328e-01 7.495135323672275085e+00
1.938677354709419098e-01 6.605548692471962191e+00
1.941482965931863869e-01 1.070165949740428957e+01
1.944288577154308917e-01 8.750948003650036000e+00
1.947094188376753687e-01 6.236545541909153556e+00
1.949899799599198458e-01 7.761890321657674896e+00
1.952705410821643506e-01 6.668415656751393250e+00
1.955511022044088554e-01 6.413889435014671569e+00
1.958316633266533324e-01 6.281475720470345969e+00
1.961122244488978095e-01 8.557105047922519248e+00
1.963927855711423143e-01 1.529390033823943895e+01
1.966733466933867913e-01 1.558996190878912458e+01
1.969539078156312684e-01 9.295437947997672978e+00
1.972344689378757732e-01 6.279265668100514119e+00
1.975150300601202780e-01 9.133245076082797453e+00
1.977955911823647550e-01 9.863160780393997129e+00
1.980761523046092321e-01 1.042509235727689010e+01
1.983567134268537369e-01 7.528576629443954005e+00
1.986372745490982139e-01 7.595811786961172984e+00
1.989178356713427187e-01 8.525229260916994178e+00
1.991983967935871958e-01 1.165017817936763755e+01
1.994789579158317006e-01 1.321374789992371035e+01
1.997595190380761776e-01 9.633276798799824903e+00
2.000400801603206546e-01 8.262749405455579677e+00
2.003206412825651594e-01 7.370878891358822571e+00
2.006012024048096365e-01 1.430388022938336867e+01
2.008817635270541413e-01 8.665439232419434035e+00
2.011623246492986183e-01 6.907267341333225730e+00
2.014428857715431231e-01 1.253253917916076254e+01
2.017234468937876002e-01 9.151208235765079024e+00
2.020040080160320772e-01 8.882705908668812711e+00
2.022845691382765820e-01 1.154552179077358787e+01
2.025651302605210868e-01 8.080136409656505592e+00
2.028456913827655361e-01 1.296503179225625857e+01
2.031262525050100409e-01 1.140514533502665095e+01
2.034068136272545457e-01 1.096174708730511504e+01
2.036873747494990228e-01 7.642557762288925360e+00
2.039679358717434998e-01 1.198849389606319171e+01
2.042484969939880046e-01 9.486085925177221156e+00
2.045290581162325094e-01 1.611103970974680877e+01
2.048096192384769587e-01 9.207479591454168499e+00
2.050901803607214635e-01 9.048967653703343217e+00
2.053707414829659683e-01 9.143903397970939650e+00
2.056513026052104454e-01 1.280810542148237552e+01
2.059318637274549224e-01 1.276323763311592252e+01
2.062124248496994272e-01 9.297869048683615745e+00
2.064929859719439320e-01 1.184343933160025664e+01
2.067735470941883813e-01 9.431155786917440054e+00
2.070541082164328861e-01 1.126244490747129312e+01
2.073346693386773909e-01 1.478055493411993382e+01
2.076152304609218679e-01 1.068728729109095354e+01
2.078957915831663450e-01 1.069948584673226399e+01
2.081763527054108498e-01 9.565211984833943859e+00
2.084569138276553546e-01 9.013482031344750567e+00
2.087374749498998316e-01 1.250964308874283404e+01
2.090180360721443087e-01 6.716509096865832085e+00
2.092985971943888135e-01 9.526906593303902326e+00
2.095791583166332905e-01 1.258737793705029517e+01
2.098597194388777676e-01 1.237068156738231117e+01
2.101402805611222724e-01 7.430647795747201911e+00
2.104208416833667772e-01 1.132729667616281155e+01
2.107014028056112542e-01 1.140531386318215112e+01
2.109819639278557313e-01 9.999435878208315032e+00
2.112625250501002361e-01 1.198416431781239666e+01
2.115430861723447131e-01 1.099754777856217913e+01
2.118236472945891902e-01 1.101168464101101030e+01
2.121042084168336950e-01 9.839680316473932820e+00
2.123847695390781998e-01 1.095663657512916700e+01
2.126653306613226768e-01 1.215444190068740937e+01
2.129458917835671539e-01 1.255136745604581705e+01
2.132264529058116587e-01 1.174126969902829742e+01
2.135070140280561357e-01 1.095283719537222389e+01
2.137875751503006128e-01 1.031811252391023004e+01
2.140681362725451176e-01 1.084013718908326851e+01
2.143486973947896224e-01 1.228528156771687918e+01
2.146292585170340994e-01 1.200983832149279174e+01
2.149098196392785765e-01 9.686822360984518099e+00
2.151903807615230813e-01 9.242967650404370517e+00
2.154709418837675583e-01 8.698239846067060910e+00
2.157515030060120353e-01 8.282486411526869929e+00
2.160320641282565401e-01 1.355821596333867340e+01
2.163126252505010449e-01 9.166006349666281139e+00
2.165931863727455220e-01 1.043313393257719035e+01
2.168737474949899990e-01 9.455347572743873386e+00
2.171543086172345038e-01 8.939946180470121462e+00
2.174348697394789809e-01 6.556684185003667231e+00
2.177154308617234579e-01 9.093617004783684621e+00
2.179959919839679627e-01 7.377294028613044397e+00
2.182765531062124675e-01 1.073298509540542511e+01
2.185571142284569446e-01 1.017876078004850982e+01
2.188376753507014216e-01 9.992139674501226310e+00
2.191182364729459264e-01 8.934708304869664275e+00
2.193987975951904035e-01 8.561061287918093399e+00
2.196793587174348805e-01 8.248169308730975757e+00
2.199599198396793853e-01 9.886937026447492727e+00
2.202404809619238901e-01 9.945248352357140220e+00
2.205210420841683672e-01 9.788247792025474681e+00
2.208016032064128442e-01 8.700541247588482463e+00
2.210821643286573490e-01 9.817701288806064852e+00
2.213627254509018261e-01 8.422215756632910555e+00
2.216432865731463031e-01 8.392718970864830652e+00
2.219238476953908079e-01 6.306144801270913369e+00
2.222044088176353127e-01 8.726861558187351875e+00
2.224849699398797898e-01 9.763575144274899031e+00
2.227655310621242668e-01 7.152617705107818580e+00
2.230460921843687716e-01 7.613178571096038461e+00
2.233266533066132487e-01 7.836877189478700600e+00
2.236072144288577257e-01 7.977646793349823184e+00
2.238877755511022305e-01 7.715268172668807267e+00
2.241683366733467353e-01 6.474683146604427897e+00
2.244488977955912123e-01 9.558135146597040332e+00
2.247294589178356894e-01 9.579622783021360277e+00
2.250100200400801942e-01 7.615387325672009489e+00
2.252905811623246712e-01 7.948097009276266611e+00
2.255711422845691483e-01 7.944195291154723115e+00
2.258517034068136531e-01 6.458274898941429143e+00
2.261322645290581579e-01 7.022049544672560373e+00
2.264128256513026349e-01 6.212530347930172780e+00
2.266933867735471120e-01 7.279354713616109862e+00
2.269739478957916168e-01 8.077060319801848465e+00
2.272545090180360938e-01 7.749015258954297991e+00
2.275350701402805709e-01 5.697510605569608977e+00
2.278156312625250757e-01 5.483552311371577836e+00
2.280961923847695805e-01 5.884481178075014363e+00
2.283767535070140575e-01 6.876223966651228814e+00
2.286573146292585346e-01 8.144306687294808000e+00
2.289378757515030394e-01 6.087194306385005582e+00
2.292184368737475442e-01 6.503384652791387666e+00
2.294989979959919935e-01 5.536591732137184252e+00
2.297795591182364983e-01 5.971706719976902278e+00
2.300601202404810031e-01 7.061340328456251925e+00
2.303406813627254801e-01 6.364358326410834543e+00
2.306212424849699572e-01 5.632769052319879677e+00
2.309018036072144620e-01 6.260808199126190132e+00
2.311823647294589668e-01 5.944430378705241935e+00
2.314629258517034160e-01 5.609180830079613322e+00
2.317434869739479208e-01 6.246696444951261640e+00
2.320240480961924256e-01 5.401523292789527808e+00
2.323046092184369027e-01 5.406178661409398956e+00
2.325851703406813797e-01 4.276996008569661001e+00
2.328657314629258845e-01 5.154204565872998245e+00
2.331462925851703893e-01 5.260540719795483433e+00
2.334268537074148386e-01 5.530789379501704239e+00
2.337074148296593434e-01 6.330245555501913479e+00
2.339879759519038482e-01 5.044807935459615145e+00
2.342685370741483253e-01 5.550547934618915491e+00
2.345490981963928023e-01 7.365836562413852207e+00
2.348296593186373071e-01 5.998083786258731287e+00
2.351102204408818119e-01 5.382156307935544781e+00
2.353907815631262890e-01 5.247389164836627984e+00
2.356713426853707660e-01 5.813278858100304980e+00
2.359519038076152708e-01 4.660140787179163802e+00
2.362324649298597479e-01 5.577480254314606256e+00
2.365130260521042249e-01 4.700693980255779003e+00
2.367935871743487297e-01 4.762270284655972574e+00
2.370741482965932345e-01 5.891836189079023178e+00
2.373547094188377116e-01 4.402214181406637117e+00
2.376352705410821886e-01 5.044504804712886425e+00
2.379158316633266934e-01 6.134624344125624518e+00
2.381963927855711705e-01 4.666117222342080595e+00
2.384769539078156475e-01 5.055226164667069533e+00
2.387575150300601523e-01 4.372283717451050933e+00
2.390380761523046571e-01 4.929658787020363420e+00
2.393186372745491342e-01 4.675079544248103680e+00
2.395991983967936112e-01 4.449985801843484801e+00
2.398797595190381160e-01 4.617998856202131464e+00
2.401603206412825930e-01 4.798387643119369272e+00
2.404408817635270701e-01 4.974131323620801126e+00
2.407214428857715749e-01 3.357559785037653732e+00
2.410020040080160797e-01 4.521503112087362553e+00
2.412825651302605567e-01 5.384570597754432697e+00
2.415631262525050338e-01 4.258513462066161992e+00
2.418436873747495386e-01 3.530588043331008841e+00
2.421242484969940156e-01 4.413285626193864886e+00
2.424048096192384927e-01 3.921728625776364829e+00
2.426853707414829975e-01 3.892192641913003293e+00
2.429659318637275023e-01 3.786919569231703253e+00
2.432464929859719793e-01 5.585025279069451898e+00
2.435270541082164564e-01 4.184510571304229209e+00
2.438076152304609612e-01 5.490712224994530821e+00
2.440881763527054382e-01 4.202404619225037941e+00
2.443687374749499153e-01 4.603323633483876520e+00
2.446492985971944201e-01 5.233277672611317932e+00
2.449298597194389249e-01 3.986792199097704881e+00
2.452104208416834019e-01 4.133888884898193616e+00
2.454909819639278790e-01 4.866590591523623388e+00
2.457715430861723838e-01 4.568172173341162434e+00
2.460521042084168608e-01 3.798909817334166661e+00
2.463326653306613379e-01 4.446962708948759335e+00
2.466132264529058427e-01 3.790404754143501975e+00
2.468937875751503475e-01 3.975908061196730348e+00
2.471743486973948245e-01 4.812724978302653334e+00
2.474549098196393015e-01 4.102186892740938617e+00
2.477354709418838064e-01 3.588833883416127524e+00
2.480160320641282834e-01 3.139625456183015917e+00
2.482965931863727604e-01 4.255377658936419394e+00
2.485771543086172652e-01 4.484045628601238676e+00
2.488577154308617700e-01 4.317562343299823802e+00
2.491382765531062471e-01 2.998006681269290041e+00
2.494188376753507241e-01 3.386040773266768333e+00
2.496993987975952289e-01 4.427924926658341143e+00
2.499799599198397060e-01 3.552506539526003149e+00
2.502605210420841830e-01 3.421589856506813465e+00
2.505410821643286878e-01 3.863160151216392890e+00
2.508216432865731926e-01 4.822569960292711677e+00
2.511022044088176974e-01 3.975549868661140795e+00
2.513827655310621467e-01 3.713156902134513881e+00
2.516633266533066515e-01 3.650191549158310789e+00
2.519438877755511008e-01 3.377178955895806745e+00
2.522244488977956056e-01 4.044780900958905079e+00
2.525050100200401104e-01 3.688823352136302969e+00
2.527855711422846152e-01 3.548112403143828253e+00
2.530661322645291200e-01 4.127765695898927056e+00
2.533466933867735693e-01 3.314488005226294387e+00
2.536272545090180741e-01 2.912554430559615160e+00
2.539078156312625234e-01 3.801655543172793639e+00
2.541883767535070282e-01 3.586747730343315066e+00
2.544689378757515330e-01 3.029720294497567856e+00
2.547494989979960378e-01 3.359387594520439002e+00
2.550300601202405426e-01 3.558097678819437171e+00
2.553106212424849919e-01 3.325913587846105468e+00
2.555911823647294967e-01 3.376566857090362639e+00
2.558717434869740015e-01 3.880291459741251447e+00
2.561523046092184508e-01 2.889036918544366728e+00
2.564328657314629556e-01 3.773816627000595947e+00
2.567134268537074604e-01 3.217170761666638068e+00
2.569939879759519652e-01 3.286779574901173007e+00
2.572745490981964145e-01 3.169007064357088677e+00
2.575551102204409193e-01 3.979432422064469677e+00
2.578356713426854241e-01 3.821059954944216575e+00
2.581162324649298734e-01 2.772015546082522874e+00
2.583967935871743782e-01 3.076089443300635384e+00
2.586773547094188830e-01 3.132357050396094689e+00
2.589579158316633878e-01 2.821470055146393374e+00
2.592384769539078371e-01 2.922393123785129276e+00
2.595190380761523419e-01 3.061727461618108048e+00
2.597995991983968467e-01 2.930525174224051010e+00
2.600801603206412960e-01 2.869740476053469713e+00
2.603607214428858008e-01 3.010531497999468176e+00
2.606412825651303056e-01 3.101711093820165743e+00
2.609218436873748104e-01 3.506170559025299838e+00
2.612024048096192597e-01 2.998174938702521608e+00
2.614829659318637645e-01 2.498491461412291947e+00
2.617635270541082693e-01 3.644988669800693692e+00
2.620440881763527186e-01 3.006110434392931463e+00
2.623246492985972234e-01 3.001694485862100414e+00
2.626052104208417282e-01 2.821328495151194549e+00
2.628857715430862330e-01 2.938259841524178739e+00
2.631663326653306823e-01 2.891284063279394800e+00
2.634468937875751871e-01 2.841068326755064266e+00
2.637274549098196919e-01 2.912532323154724434e+00
2.640080160320641411e-01 3.191638884224522243e+00
2.642885771543086459e-01 2.742165718768839078e+00
2.645691382765531507e-01 2.497944191735059771e+00
2.648496993987976555e-01 2.509605666535080548e+00
2.651302605210421603e-01 2.199336483510560214e+00
2.654108216432866096e-01 2.859322948310304202e+00
2.656913827655310589e-01 3.250181695856614539e+00
2.659719438877755637e-01 2.570423031659592183e+00
2.662525050100200685e-01 3.240197444850090314e+00
2.665330661322645733e-01 2.692698450556000989e+00
2.668136272545090781e-01 3.201314532618797504e+00
2.670941883767535829e-01 2.790217435131217005e+00
2.673747494989980322e-01 3.581733004860273795e+00
2.676553106212424815e-01 2.870441898407463555e+00
2.679358717434869863e-01 2.682710409320095302e+00
2.682164328657314911e-01 3.104831586802311527e+00
2.684969939879759959e-01 2.552144729578356142e+00
2.687775551102205007e-01 2.831513443180194045e+00
2.690581162324650055e-01 2.700307953386531512e+00
2.693386773547094548e-01 2.255103050035899948e+00
2.696192384769539041e-01 3.057348943280923326e+00
2.698997995991984089e-01 2.516065859918088510e+00
2.701803607214429137e-01 2.501035577509825636e+00
2.704609218436874185e-01 2.395802198623419699e+00
2.707414829659319233e-01 2.964942168645053666e+00
2.710220440881764281e-01 2.648994534238842569e+00
2.713026052104208774e-01 2.669828030769471727e+00
2.715831663326653267e-01 2.923993244359922805e+00
2.718637274549098315e-01 2.217837531980132670e+00
2.721442885771543363e-01 2.534533808857092563e+00
2.724248496993988411e-01 2.571390362136761532e+00
2.727054108216433459e-01 2.978487131886908834e+00
2.729859719438878507e-01 2.688977373684704908e+00
2.732665330661323000e-01 3.290337549371597614e+00
2.735470941883767493e-01 2.602925489854851726e+00
2.738276553106212541e-01 2.415205093454157570e+00
2.741082164328657589e-01 1.963150692656046692e+00
2.743887775551102637e-01 2.625653610791918613e+00
2.746693386773547685e-01 2.474844381029815743e+00
2.749498997995992733e-01 2.501151339261425743e+00
2.752304609218437226e-01 2.273595595795969704e+00
2.755110220440881719e-01 2.510470646517781290e+00
2.757915831663326767e-01 2.298073585126099605e+00
2.760721442885771815e-01 2.842982856543915027e+00
2.763527054108216863e-01 2.424518324145724879e+00
2.766332665330661911e-01 2.164843306346671437e+00
2.769138276553106959e-01 2.480001730561354201e+00
2.771943887775551452e-01 2.141345486855025460e+00
2.774749498997996500e-01 2.659786873363070736e+00
2.777555110220440993e-01 2.445962899041334015e+00
2.780360721442886041e-01 2.279669636035684288e+00
2.783166332665331089e-01 2.370400112263667314e+00
2.785971943887776137e-01 2.133316339459970123e+00
2.788777555110221185e-01 2.737512237261722881e+00
2.791583166332665678e-01 2.619090721823742474e+00
2.794388777555110726e-01 2.289736769087864054e+00
2.797194388777555218e-01 2.190830382075189320e+00
2.800000000000000266e-01 2.437013427948347299e+00
