lambda suscetibilidade
1.400000000000000133e-01 1.925814550024277150e+00
1.402805611222444904e-01 1.946062525424927525e+00
1.405611222444889952e-01 2.305700641814543594e+00
1.408416833667334722e-01 2.666561190794413783e+00
1.411222444889779770e-01 2.128409814846550674e+00
1.414028056112224541e-01 2.263702677214996850e+00
1.416833667334669589e-01 2.382992651199891121e+00
1.419639278557114359e-01 2.648485255796211746e+00
1.422444889779559130e-01 2.229196954428469102e+00
1.425250501002004178e-01 2.895269837876643049e+00
1.428056112224448948e-01 2.408967471400872196e+00
1.430861723446893996e-01 2.733466956760997046e+00
1.433667334669338767e-01 2.709428106431733596e+00
1.436472945891783815e-01 2.379168081728795237e+00
1.439278557114228585e-01 2.365232283641957256e+00
1.442084168336673355e-01 2.902879617417092994e+00
1.444889779559118403e-01 2.628912171144216270e+00
1.447695390781563174e-01 2.370753092537228657e+00
1.450501002004008222e-01 2.540134490290829827e+00
1.453306613226452992e-01 2.475279378683951315e+00
1.456112224448898040e-01 2.500928273653852951e+00
1.458917835671342811e-01 2.364583142537964644e+00
1.461723446893787859e-01 2.777515460663884106e+00
1.464529058116232629e-01 2.483891275567031709e+00
1.467334669338677400e-01 3.431981663548753669e+00
1.470140280561122448e-01 2.256008858220444502e+00
1.472945891783567218e-01 2.783177282881547310e+00
1.475751503006012266e-01 2.550750744295262162e+00
1.478557114228457037e-01 2.861354575619686091e+00
1.481362725450902085e-01 2.913765102873660418e+00
1.484168336673346855e-01 2.824793282710297504e+00
1.486973947895791626e-01 3.312438845778280072e+00
1.489779559118236674e-01 2.844563954952521900e+00
1.492585170340681444e-01 2.595725567121377253e+00
1.495390781563126492e-01 3.632364384229825216e+00
1.498196392785571263e-01 3.066305175946006933e+00
1.501002004008016311e-01 2.926058078066275492e+00
1.503807615230461081e-01 3.248496442339055879e+00
1.506613226452905852e-01 3.167485486785761140e+00
1.509418837675350900e-01 3.934886236580314556e+00
1.512224448897795670e-01 3.218483835948899863e+00
1.515030060120240718e-01 3.507233650025557647e+00
1.517835671342685488e-01 2.649695797923713680e+00
1.520641282565130536e-01 2.750141170492625076e+00
1.523446893787575307e-01 4.003881340296994829e+00
1.526252505010020077e-01 2.433669527773226537e+00
1.529058116232465125e-01 2.824033359197145820e+00
1.531863727454909896e-01 2.877481124660588474e+00
1.534669338677354944e-01 2.673309676275741342e+00
1.537474949899799714e-01 5.418130395842626790e+00
1.540280561122244762e-01 3.108600918491886578e+00
1.543086172344689533e-01 6.950957526034299505e+00
1.545891783567134303e-01 4.681538148934471621e+00
1.548697394789579351e-01 4.674997765183372955e+00
1.551503006012024122e-01 2.909038290703304774e+00
1.554308617234469170e-01 2.417183994328874874e+00
1.557114228456913940e-01 3.420490903859826126e+00
1.559919839679358988e-01 2.211068401953173890e+00
1.562725450901803759e-01 2.639807468873850649e+00
1.565531062124248529e-01 2.524146901373796048e+00
1.568336673346693577e-01 2.686024227817984666e+00
1.571142284569138348e-01 2.553606216604293433e+00
1.573947895791583396e-01 3.238867401140047342e+00
1.576753507014028166e-01 3.864389995476363193e+00
1.579559118236473214e-01 2.482742139633635770e+00
1.582364729458917985e-01 4.011414913133823035e+00
1.585170340681362755e-01 3.597242230522064599e+00
1.587975951903807803e-01 3.810855416858596634e+00
1.590781563126252574e-01 4.091335382594848191e+00
1.593587174348697622e-01 2.814527546499070443e+00
1.596392785571142392e-01 2.887117154811654984e+00
1.599198396793587440e-01 3.186857043301002168e+00
1.602004008016032210e-01 2.889384511598450889e+00
1.604809619238476981e-01 2.517488725807811356e+00
1.607615230460922029e-01 2.783642869737494419e+00
1.610420841683366799e-01 3.198034806963903964e+00
1.613226452905811847e-01 3.586721021806415610e+00
1.616032064128256618e-01 3.167155817371195781e+00
1.618837675350701666e-01 4.959035102479401935e+00
1.621643286573146436e-01 2.907186083596457138e+00
1.624448897795591207e-01 4.563151330472249079e+00
1.627254509018036255e-01 2.872159349101444548e+00
1.630060120240481025e-01 3.143080241022897070e+00
1.632865731462926073e-01 3.400736114167921542e+00
1.635671342685370844e-01 3.230850813607886174e+00
1.638476953907815892e-01 3.694530065369039828e+00
1.641282565130260662e-01 3.009760050304871370e+00
1.644088176352705433e-01 3.524813551980733095e+00
1.646893787575150481e-01 3.103812840978061427e+00
1.649699398797595251e-01 2.822168636670013608e+00
1.652505010020040299e-01 3.206080935608519589e+00
1.655310621242485070e-01 3.713491481604648481e+00
1.658116232464930118e-01 3.144761549037086823e+00
1.660921843687374888e-01 3.514708598387318084e+00
1.663727454909819936e-01 4.898832685642723561e+00
1.666533066132264707e-01 2.940170170783756198e+00
1.669338677354709755e-01 5.341380695636839704e+00
1.672144288577154525e-01 2.609879274009732075e+00
1.674949899799599295e-01 2.691154403042903542e+00
1.677755511022044344e-01 2.891374837518023710e+00
1.680561122244489114e-01 4.610176303862152380e+00
1.683366733466934162e-01 4.579819863176342487e+00
1.686172344689378932e-01 3.470145043111419803e+00
1.688977955911823980e-01 3.202433513585001279e+00
1.691783567134268751e-01 3.945272355451583834e+00
1.694589178356713521e-01 2.235681773801281302e+00
1.697394789579158569e-01 2.898667565313612915e+00
1.700200400801603340e-01 3.833946564729892703e+00
1.703006012024048388e-01 2.756084612491134678e+00
1.705811623246493158e-01 3.153621776155780765e+00
1.708617234468938206e-01 3.500780099748807217e+00
1.711422845691382977e-01 2.696554435451641307e+00
1.714228456913827747e-01 4.215035396777355281e+00
1.717034068136272795e-01 3.379483789406333205e+00
1.719839679358717566e-01 4.049618821697995585e+00
1.722645290581162614e-01 4.120317101076914845e+00
1.725450901803607384e-01 2.981697786860228128e+00
1.728256513026052432e-01 3.723933665374954405e+00
1.731062124248497203e-01 4.032865880839989536e+00
1.733867735470941973e-01 3.468742428243696274e+00
1.736673346693387021e-01 6.563456476796534211e+00
1.739478957915831792e-01 5.853708744993785906e+00
1.742284569138276840e-01 3.942035715990033662e+00
1.745090180360721610e-01 7.616491947964767029e+00
1.747895791583166658e-01 3.690469456437713625e+00
1.750701402805611429e-01 3.891713375459897151e+00
1.753507014028056199e-01 4.173045567741925588e+00
1.756312625250501247e-01 3.857122305815668728e+00
1.759118236472946017e-01 4.089688143289630595e+00
1.761923847695391065e-01 3.919152201347168685e+00
1.764729458917835836e-01 2.978487650388854657e+00
1.767535070140280884e-01 4.231913995006092222e+00
1.770340681362725654e-01 4.816849381501964622e+00
1.773146292585170425e-01 3.274686629064488042e+00
1.775951903807615473e-01 3.330718917380327326e+00
1.778757515030060243e-01 4.365945232312400393e+00
1.781563126252505291e-01 4.257504456047555230e+00
1.784368737474950062e-01 4.852820397413840858e+00
1.787174348697395110e-01 3.982144867909291897e+00
1.789979959919839880e-01 4.597850746954759593e+00
1.792785571142284651e-01 7.176171841277178665e+00
1.795591182364729699e-01 5.744304749650706476e+00
1.798396793587174469e-01 6.834883785197891193e+00
1.801202404809619517e-01 5.415313366906070236e+00
1.804008016032064288e-01 4.505226165875027000e+00
1.806813627254509336e-01 5.389115525587591549e+00
1.809619238476954106e-01 8.411657499894346302e+00
1.812424849699398877e-01 7.906760462241139820e+00
1.815230460921843925e-01 7.895848604818772820e+00
1.818036072144288695e-01 6.470594825851808451e+00
1.820841683366733743e-01 7.016997720271229255e+00
1.823647294589178514e-01 8.176200802997549033e+00
1.826452905811623562e-01 1.018717658491961409e+01
1.829258517034068332e-01 7.304873339374303498e+00
1.832064128256513102e-01 6.618764708740798142e+00
1.834869739478958151e-01 7.541745191576362473e+00
1.837675350701402921e-01 8.373525898107644139e+00
1.840480961923847969e-01 4.754767139162697553e+00
1.843286573146292739e-01 6.983243818619115473e+00
1.846092184368737787e-01 6.462314953832335895e+00
1.848897795591182558e-01 4.980149005964729980e+00
1.851703406813627328e-01 8.394631392092104960e+00
1.854509018036072376e-01 6.520777401882827284e+00
1.857314629258517147e-01 7.778839548843169638e+00
1.860120240480962195e-01 6.489870509128924603e+00
1.862925851703406965e-01 7.063179915210633375e+00
1.865731462925852013e-01 4.874845197931668928e+00
1.868537074148296784e-01 7.825062812084953912e+00
1.871342685370741554e-01 1.016958977393751518e+01
1.874148296593186602e-01 5.813754129186292197e+00
1.876953907815631650e-01 6.053403138827908592e+00
1.879759519038076421e-01 6.653348396652118524e+00
1.882565130260521191e-01 5.923746060965222604e+00
1.885370741482966239e-01 5.074995977352540599e+00
1.888176352705411010e-01 4.777983547797640007e+00
1.890981963927855780e-01 4.612439878950673311e+00
1.893787575150300828e-01 4.912707179118179113e+00
1.896593186372745876e-01 8.171421497579254734e+00
1.899398797595190647e-01 5.725524695836040401e+00
1.902204408817635417e-01 5.521886818181996226e+00
1.905010020040080465e-01 5.635014559315878913e+00
1.907815631262525236e-01 5.368318674088497389e+00
1.910621242484970006e-01 7.049136046048641191e+00
1.913426853707415054e-01 5.529102206617846349e+00
1.916232464929860102e-01 7.796166685228048898e+00
1.919038076152304872e-01 5.241249294329258568e+00
1.921843687374749643e-01 8.066050170899451643e+00
1.924649298597194691e-01 6.763796679904519493e+00
1.927454909819639461e-01 1.406220570846590157e+01
1.930260521042084232e-01 6.322200014149939484e+00
1.933066132264529280e-01 6.121563661909715570e+00
1.935871743486974328e-01 5.884772015429907910e+00
1.938677354709419098e-01 5.849559275043415774e+00
1.941482965931863869e-01 5.446179182345475489e+00
1.944288577154308917e-01 6.616174879589883595e+00
1.947094188376753687e-01 7.643457064934824352e+00
1.949899799599198458e-01 9.149084854981834880e+00
1.952705410821643506e-01 8.181186335679896615e+00
1.955511022044088554e-01 1.321885445268708459e+01
1.958316633266533324e-01 9.761801993311911119e+00
1.961122244488978095e-01 9.782108490723194549e+00
1.963927855711423143e-01 1.109124397640359660e+01
1.966733466933867913e-01 7.468840791980167815e+00
1.969539078156312684e-01 1.800704596318431783e+01
1.972344689378757732e-01 6.808774179261990689e+00
1.975150300601202780e-01 7.785175843191515455e+00
1.977955911823647550e-01 1.320792694142665624e+01
1.980761523046092321e-01 1.050254170015590915e+01
1.983567134268537369e-01 1.170834124710193258e+01
1.986372745490982139e-01 1.241506202439913054e+01
1.989178356713427187e-01 1.122869802850292764e+01
1.991983967935871958e-01 7.820572008690023225e+00
1.994789579158317006e-01 1.086655616721667705e+01
1.997595190380761776e-01 1.022353099646021590e+01
2.000400801603206546e-01 8.701954716828458558e+00
2.003206412825651594e-01 8.605653754325521376e+00
2.006012024048096365e-01 9.756552144084301048e+00
2.008817635270541413e-01 1.613618606517422549e+01
2.011623246492986183e-01 8.604682507353665244e+00
2.014428857715431231e-01 8.853682325225950223e+00
2.017234468937876002e-01 6.860478756956868374e+00
2.020040080160320772e-01 1.111610057043048094e+01
2.022845691382765820e-01 9.764871234571740999e+00
2.025651302605210868e-01 7.409429582949141668e+00
2.028456913827655361e-01 7.897694460353741341e+00
2.031262525050100409e-01 9.011082007956288109e+00
2.034068136272545457e-01 9.441232711094976082e+00
2.036873747494990228e-01 9.148211166844090414e+00
2.039679358717434998e-01 1.265252614656509422e+01
2.042484969939880046e-01 1.157434054055258521e+01
2.045290581162325094e-01 1.462358472296012657e+01
2.048096192384769587e-01 1.136147529284631830e+01
2.050901803607214635e-01 8.274312457459432224e+00
2.053707414829659683e-01 2.455919355794563685e+01
2.056513026052104454e-01 1.203406420262005305e+01
2.059318637274549224e-01 1.793453497923423612e+01
2.062124248496994272e-01 9.292261954207004848e+00
2.064929859719439320e-01 1.186662157904008907e+01
2.067735470941883813e-01 1.325101805798948185e+01
2.070541082164328861e-01 1.247866880424581026e+01
2.073346693386773909e-01 1.008894455882285079e+01
2.076152304609218679e-01 1.058257179137262405e+01
2.078957915831663450e-01 1.336458927157919163e+01
2.081763527054108498e-01 1.262541462636093748e+01
2.084569138276553546e-01 9.978667027005050372e+00
2.087374749498998316e-01 1.260192602701108733e+01
2.090180360721443087e-01 1.071568157682661138e+01
2.092985971943888135e-01 1.623703451392693253e+01
2.095791583166332905e-01 1.469713219121701009e+01
2.098597194388777676e-01 9.699786832952892013e+00
2.101402805611222724e-01 9.400938850171201011e+00
2.104208416833667772e-01 1.021832286880996143e+01
2.107014028056112542e-01 1.224530067220767826e+01
2.109819639278557313e-01 1.206256235273720101e+01
2.112625250501002361e-01 1.065351290857216959e+01
2.115430861723447131e-01 1.331888364221820531e+01
2.118236472945891902e-01 9.649986973431493809e+00
2.121042084168336950e-01 9.754898385289893170e+00
2.123847695390781998e-01 1.065901925015450402e+01
2.126653306613226768e-01 1.219139408906258204e+01
2.129458917835671539e-01 1.016948816949088119e+01
2.132264529058116587e-01 1.195951872442503472e+01
2.135070140280561357e-01 9.242098008081084615e+00
2.137875751503006128e-01 7.276757037953472285e+00
2.140681362725451176e-01 1.271275283751265661e+01
2.143486973947896224e-01 9.256925821295650891e+00
2.146292585170340994e-01 1.026787550416249495e+01
2.149098196392785765e-01 1.332554724440649352e+01
2.151903807615230813e-01 7.560045954031570759e+00
2.154709418837675583e-01 1.078397371975837693e+01
2.157515030060120353e-01 1.175302422164225646e+01
2.160320641282565401e-01 9.691027757228187767e+00
2.163126252505010449e-01 9.969714209687893458e+00
2.165931863727455220e-01 1.148117770796522308e+01
2.168737474949899990e-01 8.429554410450492696e+00
2.171543086172345038e-01 1.059037378968887744e+01
2.174348697394789809e-01 8.896127426093249468e+00
2.177154308617234579e-01 1.063476757209565449e+01
2.179959919839679627e-01 1.143854624143350485e+01
2.182765531062124675e-01 1.012710286252802483e+01
2.185571142284569446e-01 1.027854252174286920e+01
2.188376753507014216e-01 9.348725171223536634e+00
2.191182364729459264e-01 1.121895782571282751e+01
2.193987975951904035e-01 9.414508002232382822e+00
2.196793587174348805e-01 8.332127262381289867e+00
2.199599198396793853e-01 9.511818278252571091e+00
2.202404809619238901e-01 8.526647924373399690e+00
2.205210420841683672e-01 9.253705998881347483e+00
2.208016032064128442e-01 9.646973899317849543e+00
2.210821643286573490e-01 9.954067880741003904e+00
2.213627254509018261e-01 7.638485517571403705e+00
2.216432865731463031e-01 8.669103358141912352e+00
2.219238476953908079e-01 9.354241224935631038e+00
2.222044088176353127e-01 9.616721811128755348e+00
2.224849699398797898e-01 8.055879666999645750e+00
2.227655310621242668e-01 8.557335417317736059e+00
2.230460921843687716e-01 8.922923536789737042e+00
2.233266533066132487e-01 7.152610103416237486e+00
2.236072144288577257e-01 9.274093603322524970e+00
2.238877755511022305e-01 7.192506730428333661e+00
2.241683366733467353e-01 7.686026949901811456e+00
2.244488977955912123e-01 7.709378868993135292e+00
2.247294589178356894e-01 6.879435678522987985e+00
2.250100200400801942e-01 1.041828944242786648e+01
2.252905811623246712e-01 6.392649666737646896e+00
2.255711422845691483e-01 6.280524097269441164e+00
2.258517034068136531e-01 7.041886406174052482e+00
2.261322645290581579e-01 7.974219776638878265e+00
2.264128256513026349e-01 8.935639672322560401e+00
2.266933867735471120e-01 6.630894325221262875e+00
2.269739478957916168e-01 6.457620160366897899e+00
2.272545090180360938e-01 6.822859834037241278e+00
2.275350701402805709e-01 6.805332024431170801e+00
2.278156312625250757e-01 5.461236131950842676e+00
2.280961923847695805e-01 7.271472578135619536e+00
2.283767535070140575e-01 8.054474584614634836e+00
2.286573146292585346e-01 5.435534751614087057e+00
2.289378757515030394e-01 6.219814685397387244e+00
2.292184368737475442e-01 7.801513365665504907e+00
2.294989979959919935e-01 8.072422901077880297e+00
2.297795591182364983e-01 5.704329353451408124e+00
2.300601202404810031e-01 5.904192915241858408e+00
2.303406813627254801e-01 6.432220611492732054e+00
2.306212424849699572e-01 5.763513247671057549e+00
2.309018036072144620e-01 5.755389636741499615e+00
2.311823647294589668e-01 5.405621905817280748e+00
2.314629258517034160e-01 5.479264624714264897e+00
2.317434869739479208e-01 6.101518237316460258e+00
2.320240480961924256e-01 5.114329865950856480e+00
2.323046092184369027e-01 4.306950199905882570e+00
2.325851703406813797e-01 4.607841095352052996e+00
2.328657314629258845e-01 6.034142870453925944e+00
2.331462925851703893e-01 5.774476371437551769e+00
2.334268537074148386e-01 5.314860214080052714e+00
2.337074148296593434e-01 7.310172327934743031e+00
2.339879759519038482e-01 4.931345391331364070e+00
2.342685370741483253e-01 5.572803072725079687e+00
2.345490981963928023e-01 4.909791005166458611e+00
2.348296593186373071e-01 4.746756650301718672e+00
2.351102204408818119e-01 5.323043537684249316e+00
2.353907815631262890e-01 4.441654207544110555e+00
2.356713426853707660e-01 6.085083068748726731e+00
2.359519038076152708e-01 6.306690297157007130e+00
2.362324649298597479e-01 5.782392512921609828e+00
2.365130260521042249e-01 4.255911427887822285e+00
2.367935871743487297e-01 5.116293998018913491e+00
2.370741482965932345e-01 6.911817638708882328e+00
2.373547094188377116e-01 5.338707712429946461e+00
2.376352705410821886e-01 5.718221491651198640e+00
2.379158316633266934e-01 5.797827228731318172e+00
2.381963927855711705e-01 5.284626594300055658e+00
2.384769539078156475e-01 4.161077982385604557e+00
2.387575150300601523e-01 5.071248330703120644e+00
2.390380761523046571e-01 4.294476352751285475e+00
2.393186372745491342e-01 5.093813257839541642e+00
2.395991983967936112e-01 4.631954959072075440e+00
2.398797595190381160e-01 4.208060427427823491e+00
2.401603206412825930e-01 4.264747732393756152e+00
2.404408817635270701e-01 4.330316451323701799e+00
2.407214428857715749e-01 5.496158659156539450e+00
2.410020040080160797e-01 4.167929144096166993e+00
2.412825651302605567e-01 5.650306307438173192e+00
2.415631262525050338e-01 5.196405000830146115e+00
2.418436873747495386e-01 4.285104458074587619e+00
2.421242484969940156e-01 3.949433344665608026e+00
2.424048096192384927e-01 4.640091779216834134e+00
2.426853707414829975e-01 4.719987024849153556e+00
2.429659318637275023e-01 4.199078180418415407e+00
2.432464929859719793e-01 4.085837245719493360e+00
2.435270541082164564e-01 4.663376845036185436e+00
2.438076152304609612e-01 4.498408585940071092e+00
2.440881763527054382e-01 5.723731178767176075e+00
2.443687374749499153e-01 5.298060096066505409e+00
2.446492985971944201e-01 4.315872353503380943e+00
2.449298597194389249e-01 4.542870937433858280e+00
2.452104208416834019e-01 4.351172696867325662e+00
2.454909819639278790e-01 4.399737625864953650e+00
2.457715430861723838e-01 4.474446533952135319e+00
2.460521042084168608e-01 3.774574177083879434e+00
2.463326653306613379e-01 4.139040555960551870e+00
2.466132264529058427e-01 3.793745940524933857e+00
2.468937875751503475e-01 3.889707675986202151e+00
2.471743486973948245e-01 4.017105613605789216e+00
2.474549098196393015e-01 3.811998003752382402e+00
2.477354709418838064e-01 4.250192005248655924e+00
2.480160320641282834e-01 4.194793675266828892e+00
2.482965931863727604e-01 3.158196982122177143e+00
2.485771543086172652e-01 3.605640577643766775e+00
2.488577154308617700e-01 2.841488551303794186e+00
2.491382765531062471e-01 3.843346863956499604e+00
2.494188376753507241e-01 4.902037744051817469e+00
2.496993987975952289e-01 3.527313397656105742e+00
2.499799599198397060e-01 3.680570940593419493e+00
2.502605210420841830e-01 3.882936780448183800e+00
2.505410821643286878e-01 2.984378104948108401e+00
2.508216432865731926e-01 3.729454961066022811e+00
2.511022044088176974e-01 4.029088393115968003e+00
2.513827655310621467e-01 3.626591500560123915e+00
2.516633266533066515e-01 3.595080957724706039e+00
2.519438877755511008e-01 4.167085349075907885e+00
2.522244488977956056e-01 3.235042610836291743e+00
2.525050100200401104e-01 3.846508514932625467e+00
2.527855711422846152e-01 3.613313537138950871e+00
2.530661322645291200e-01 3.986632710331434737e+00
2.533466933867735693e-01 3.245092529796526737e+00
2.536272545090180741e-01 3.570182064978601577e+00
2.539078156312625234e-01 3.073082460643810965e+00
2.541883767535070282e-01 3.633545964152468333e+00
2.544689378757515330e-01 2.961388563594769430e+00
2.547494989979960378e-01 3.143734736253377182e+00
2.550300601202405426e-01 3.129922435848448981e+00
2.553106212424849919e-01 3.071272241653947077e+00
2.555911823647294967e-01 3.670404209518032701e+00
2.558717434869740015e-01 2.711601382150851780e+00
2.561523046092184508e-01 3.127712318248625500e+00
2.564328657314629556e-01 3.606052078527377525e+00
2.567134268537074604e-01 3.571932667094386282e+00
2.569939879759519652e-01 3.856315012990269686e+00
2.572745490981964145e-01 3.054989684484505474e+00
2.575551102204409193e-01 3.384595974422000442e+00
2.578356713426854241e-01 3.327647260551263919e+00
2.581162324649298734e-01 3.161565418233399427e+00
2.583967935871743782e-01 3.526360252694632269e+00
2.586773547094188830e-01 3.695356020435243138e+00
2.589579158316633878e-01 3.691413502097641075e+00
2.592384769539078371e-01 2.779480539274765682e+00
2.595190380761523419e-01 3.058714459632012161e+00
2.597995991983968467e-01 3.301833193270997224e+00
2.600801603206412960e-01 3.073629413508503827e+00
2.603607214428858008e-01 2.979786232376704813e+00
2.606412825651303056e-01 2.793215678153922354e+00
2.609218436873748104e-01 2.901891354600529382e+00
2.612024048096192597e-01 3.302196275278651338e+00
2.614829659318637645e-01 3.446611105388261986e+00
2.617635270541082693e-01 2.969141886098956462e+00
2.620440881763527186e-01 2.894323562843287956e+00
2.623246492985972234e-01 3.251196991575230122e+00
2.626052104208417282e-01 2.993324830138212711e+00
2.628857715430862330e-01 2.888711885194528151e+00
2.631663326653306823e-01 2.905704031002500187e+00
2.634468937875751871e-01 2.774879256527847282e+00
2.637274549098196919e-01 2.912111883703295767e+00
2.640080160320641411e-01 2.977034029716190133e+00
2.642885771543086459e-01 3.247267246276370756e+00
2.645691382765531507e-01 3.131103144791234971e+00
2.648496993987976555e-01 2.832426992368113794e+00
2.651302605210421603e-01 2.571788718632463944e+00
2.654108216432866096e-01 2.777633959506679240e+00
2.656913827655310589e-01 2.781054929713133284e+00
2.659719438877755637e-01 3.229155247854651023e+00
2.662525050100200685e-01 3.272437642254878654e+00
2.665330661322645733e-01 2.499985388034859923e+00
2.668136272545090781e-01 2.841945178639100344e+00
2.670941883767535829e-01 3.249549726892723811e+00
2.673747494989980322e-01 2.449339552595951819e+00
2.676553106212424815e-01 2.978315185048476810e+00
2.679358717434869863e-01 2.845257801299264422e+00
2.682164328657314911e-01 2.725204844239859092e+00
2.684969939879759959e-01 2.420951238033481445e+00
2.687775551102205007e-01 3.046805340021561115e+00
2.690581162324650055e-01 2.292712567468760287e+00
2.693386773547094548e-01 2.587337293451976272e+00
2.696192384769539041e-01 2.820910311746558818e+00
2.698997995991984089e-01 2.605393446904829879e+00
2.701803607214429137e-01 2.646586048508702049e+00
2.704609218436874185e-01 2.413003922415425606e+00
2.707414829659319233e-01 2.812810476587768616e+00
2.710220440881764281e-01 3.241916322417716323e+00
2.713026052104208774e-01 2.990446374217381020e+00
2.715831663326653267e-01 2.301438486353545976e+00
2.718637274549098315e-01 2.298038925511761477e+00
2.721442885771543363e-01 2.440674060181056593e+00
2.724248496993988411e-01 2.686348845155150489e+00
2.727054108216433459e-01 2.264561347954929804e+00
2.729859719438878507e-01 2.456251818003247323e+00
2.732665330661323000e-01 2.610395483854521803e+00
2.735470941883767493e-01 2.492235010833951492e+00
2.738276553106212541e-01 2.804726051922421082e+00
2.741082164328657589e-01 2.469192955264476019e+00
2.743887775551102637e-01 2.339609239093610515e+00
2.746693386773547685e-01 2.332939602792584832e+00
2.749498997995992733e-01 2.801373143694355861e+00
2.752304609218437226e-01 2.270471132011547155e+00
2.755110220440881719e-01 2.602694566722079550e+00
2.757915831663326767e-01 2.457680716488865880e+00
2.760721442885771815e-01 2.232782143868507152e+00
2.763527054108216863e-01 2.515034205815148916e+00
2.766332665330661911e-01 2.141286784944554267e+00
2.769138276553106959e-01 2.414823527672525394e+00
2.771943887775551452e-01 2.437850123666037483e+00
2.774749498997996500e-01 2.530795946872003821e+00
2.777555110220440993e-01 2.399455660209113717e+00
2.780360721442886041e-01 2.272830389077709512e+00
2.783166332665331089e-01 2.544687183432458699e+00
2.785971943887776137e-01 2.270784555717218822e+00
2.788777555110221185e-01 2.371984544961865282e+00
2.791583166332665678e-01 2.636457098765871088e+00
2.794388777555110726e-01 2.248730047372719643e+00
2.797194388777555218e-01 1.986928109958155719e+00
2.800000000000000266e-01 2.338764390383074598e+00
