lambda suscetibilidade
1.400000000000000133e-01 2.231790491525772691e+00
1.402805611222444904e-01 2.448696805088796946e+00
1.405611222444889952e-01 2.171466282871477915e+00
1.408416833667334722e-01 2.497382153899932344e+00
1.411222444889779770e-01 2.295814959872303884e+00
1.414028056112224541e-01 2.089388228472020437e+00
1.416833667334669589e-01 2.532580080060993222e+00
1.419639278557114359e-01 2.883452355904320363e+00
1.422444889779559130e-01 2.173523811717176901e+00
1.425250501002004178e-01 2.404122021943963183e+00
1.428056112224448948e-01 3.446678220645618129e+00
1.430861723446893996e-01 2.777587509104828545e+00
1.433667334669338767e-01 2.283150134392177844e+00
1.436472945891783815e-01 2.632722103291592841e+00
1.439278557114228585e-01 3.127603770220408475e+00
1.442084168336673355e-01 2.983529226618293340e+00
1.444889779559118403e-01 3.391292569361777254e+00
1.447695390781563174e-01 3.602469660409930885e+00
1.450501002004008222e-01 2.346102403421591376e+00
1.453306613226452992e-01 2.619185935779702046e+00
1.456112224448898040e-01 3.704228673700477259e+00
1.458917835671342811e-01 2.472185243469055660e+00
1.461723446893787859e-01 2.837086928673181241e+00
1.464529058116232629e-01 2.642486468705513847e+00
1.467334669338677400e-01 2.352021101515225698e+00
1.470140280561122448e-01 3.547919427856649044e+00
1.472945891783567218e-01 2.476731483807212086e+00
1.475751503006012266e-01 3.130279441619039815e+00
1.478557114228457037e-01 2.749725495561398780e+00
1.481362725450902085e-01 2.997126825782047810e+00
1.484168336673346855e-01 2.251791772164231986e+00
1.486973947895791626e-01 3.182700503066307363e+00
1.489779559118236674e-01 3.523855115848189001e+00
1.492585170340681444e-01 3.332259766441493909e+00
1.495390781563126492e-01 2.636629660330461533e+00
1.498196392785571263e-01 3.228136099479313348e+00
1.501002004008016311e-01 3.289743391386830140e+00
1.503807615230461081e-01 2.356594704011055530e+00
1.506613226452905852e-01 3.066537181202016793e+00
1.509418837675350900e-01 2.719949155612241931e+00
1.512224448897795670e-01 2.843079751734059357e+00
1.515030060120240718e-01 3.777306904583615399e+00
1.517835671342685488e-01 3.383407430466558896e+00
1.520641282565130536e-01 2.554687908958848563e+00
1.523446893787575307e-01 2.512710932701270217e+00
1.526252505010020077e-01 2.802522338750388364e+00
1.529058116232465125e-01 2.547052031671898309e+00
1.531863727454909896e-01 2.135862239315288846e+00
1.534669338677354944e-01 2.993821310534880986e+00
1.537474949899799714e-01 2.809714912709488921e+00
1.540280561122244762e-01 2.042627066362639354e+00
1.543086172344689533e-01 2.319330054687534393e+00
1.545891783567134303e-01 2.260819801040889310e+00
1.548697394789579351e-01 2.165142060972767624e+00
1.551503006012024122e-01 2.521473695424993444e+00
1.554308617234469170e-01 2.432135593256119499e+00
1.557114228456913940e-01 2.961125919256666794e+00
1.559919839679358988e-01 2.830180204151219403e+00
1.562725450901803759e-01 3.121529017366181602e+00
1.565531062124248529e-01 2.256908676203993824e+00
1.568336673346693577e-01 2.902846931140169673e+00
1.571142284569138348e-01 5.916648101312834918e+00
1.573947895791583396e-01 3.214365367164040421e+00
1.576753507014028166e-01 3.263554726622631463e+00
1.579559118236473214e-01 5.498537190329954250e+00
1.582364729458917985e-01 2.763216789514223670e+00
1.585170340681362755e-01 2.771305688761446007e+00
1.587975951903807803e-01 2.840079195318403471e+00
1.590781563126252574e-01 3.085177422872241504e+00
1.593587174348697622e-01 2.651731751212450749e+00
1.596392785571142392e-01 2.696768225141944253e+00
1.599198396793587440e-01 3.461375799397666153e+00
1.602004008016032210e-01 2.842899687045807866e+00
1.604809619238476981e-01 3.330855782303866253e+00
1.607615230460922029e-01 3.487174232624691950e+00
1.610420841683366799e-01 3.247993620006991211e+00
1.613226452905811847e-01 2.285412887626495415e+00
1.616032064128256618e-01 4.560609115172438166e+00
1.618837675350701666e-01 3.672124955528579093e+00
1.621643286573146436e-01 3.047168483499431257e+00
1.624448897795591207e-01 3.192946206086529237e+00
1.627254509018036255e-01 3.284802490890730731e+00
1.630060120240481025e-01 3.065459685079478636e+00
1.632865731462926073e-01 4.433018607754994456e+00
1.635671342685370844e-01 3.582081049535150274e+00
1.638476953907815892e-01 2.472423856317376600e+00
1.641282565130260662e-01 2.368876501178867500e+00
1.644088176352705433e-01 2.993072627096175609e+00
1.646893787575150481e-01 3.039539034861687306e+00
1.649699398797595251e-01 2.734233861177076008e+00
1.652505010020040299e-01 2.950771698983951641e+00
1.655310621242485070e-01 2.891299721492781138e+00
1.658116232464930118e-01 5.308793330965938750e+00
1.660921843687374888e-01 3.472270408598225888e+00
1.663727454909819936e-01 4.026727117407948420e+00
1.666533066132264707e-01 4.839858730922514951e+00
1.669338677354709755e-01 3.148211122258356198e+00
1.672144288577154525e-01 3.481857639335868448e+00
1.674949899799599295e-01 3.532201832219505455e+00
1.677755511022044344e-01 4.960387680561320067e+00
1.680561122244489114e-01 3.806359813423176863e+00
1.683366733466934162e-01 3.770999146192526297e+00
1.686172344689378932e-01 2.926529263483704568e+00
1.688977955911823980e-01 4.219969162553706354e+00
1.691783567134268751e-01 3.645364027356428949e+00
1.694589178356713521e-01 3.665154049647109780e+00
1.697394789579158569e-01 3.139253969812517031e+00
1.700200400801603340e-01 3.787111718507897073e+00
1.703006012024048388e-01 4.288768789963120831e+00
1.705811623246493158e-01 4.280623148697722868e+00
1.708617234468938206e-01 3.030414356227026040e+00
1.711422845691382977e-01 4.377490127820890642e+00
1.714228456913827747e-01 3.775838804986505259e+00
1.717034068136272795e-01 3.123116196768261688e+00
1.719839679358717566e-01 4.844858055935413077e+00
1.722645290581162614e-01 3.902623024198061064e+00
1.725450901803607384e-01 4.350086113297181534e+00
1.728256513026052432e-01 4.451281685314755876e+00
1.731062124248497203e-01 4.449716095728524223e+00
1.733867735470941973e-01 4.188930403419864668e+00
1.736673346693387021e-01 3.750272459673262393e+00
1.739478957915831792e-01 4.662882659527046059e+00
1.742284569138276840e-01 6.004105947655902220e+00
1.745090180360721610e-01 4.810384160431879330e+00
1.747895791583166658e-01 6.480804755738951428e+00
1.750701402805611429e-01 4.414250075537523799e+00
1.753507014028056199e-01 4.815602978455353345e+00
1.756312625250501247e-01 4.688311572707902997e+00
1.759118236472946017e-01 5.178604923517498015e+00
1.761923847695391065e-01 3.988333739055231586e+00
1.764729458917835836e-01 5.126189600403987967e+00
1.767535070140280884e-01 5.963467430670626790e+00
1.770340681362725654e-01 5.256139751126483795e+00
1.773146292585170425e-01 4.510222149730624075e+00
1.775951903807615473e-01 4.287689813504166558e+00
1.778757515030060243e-01 3.569165896188978948e+00
1.781563126252505291e-01 4.708424177383577991e+00
1.784368737474950062e-01 4.481847498034382760e+00
1.787174348697395110e-01 4.131104615610453834e+00
1.789979959919839880e-01 5.661224562025654272e+00
1.792785571142284651e-01 4.878792583100144853e+00
1.795591182364729699e-01 8.125750861515699697e+00
1.798396793587174469e-01 5.076792261489675440e+00
1.801202404809619517e-01 4.049605465951145788e+00
1.804008016032064288e-01 5.485630902727106850e+00
1.806813627254509336e-01 6.133699825200012334e+00
1.809619238476954106e-01 4.844485846111880711e+00
1.812424849699398877e-01 6.682123315222348481e+00
1.815230460921843925e-01 5.723931628668680105e+00
1.818036072144288695e-01 6.739637637357454913e+00
1.820841683366733743e-01 6.276509377335512063e+00
1.823647294589178514e-01 1.134721876898101200e+01
1.826452905811623562e-01 6.365773921044390882e+00
1.829258517034068332e-01 7.224184461573918803e+00
1.832064128256513102e-01 4.723744617991898487e+00
1.834869739478958151e-01 7.229862349723112480e+00
1.837675350701402921e-01 6.904616568615406180e+00
1.840480961923847969e-01 4.962556250963411131e+00
1.843286573146292739e-01 9.321607199572246927e+00
1.846092184368737787e-01 4.848689388173342607e+00
1.848897795591182558e-01 9.135705663476240801e+00
1.851703406813627328e-01 6.280381628233543623e+00
1.854509018036072376e-01 6.291343397945887261e+00
1.857314629258517147e-01 5.392562504361496423e+00
1.860120240480962195e-01 7.726387638391681634e+00
1.862925851703406965e-01 8.087674536895981703e+00
1.865731462925852013e-01 8.668274456960636698e+00
1.868537074148296784e-01 7.001859774438310424e+00
1.871342685370741554e-01 9.728436502137142838e+00
1.874148296593186602e-01 6.141762629523110029e+00
1.876953907815631650e-01 5.960445828048229977e+00
1.879759519038076421e-01 5.930029368880333607e+00
1.882565130260521191e-01 8.688610759910552872e+00
1.885370741482966239e-01 1.002881758283932001e+01
1.888176352705411010e-01 9.787154335474063771e+00
1.890981963927855780e-01 9.621327528278751373e+00
1.893787575150300828e-01 9.939706850513967851e+00
1.896593186372745876e-01 8.584990427717615447e+00
1.899398797595190647e-01 5.606689658440329183e+00
1.902204408817635417e-01 8.998991043544862123e+00
1.905010020040080465e-01 5.027571330959516693e+00
1.907815631262525236e-01 8.905605750021805989e+00
1.910621242484970006e-01 5.728219267929652858e+00
1.913426853707415054e-01 9.292792631846760187e+00
1.916232464929860102e-01 8.681832320585625595e+00
1.919038076152304872e-01 6.280632672552071583e+00
1.921843687374749643e-01 6.497044036160612102e+00
1.924649298597194691e-01 6.211471768854733178e+00
1.927454909819639461e-01 6.459189294876102494e+00
1.930260521042084232e-01 1.055672183491910232e+01
1.933066132264529280e-01 5.196854374619738870e+00
1.935871743486974328e-01 8.505115555471773447e+00
1.938677354709419098e-01 6.003067630043311453e+00
1.941482965931863869e-01 6.287006664251363119e+00
1.944288577154308917e-01 7.198849372974797767e+00
1.947094188376753687e-01 1.227655877334843915e+01
1.949899799599198458e-01 6.730694111457318662e+00
1.952705410821643506e-01 7.599284022482024170e+00
1.955511022044088554e-01 8.052623811100087181e+00
1.958316633266533324e-01 7.780376127263417096e+00
1.961122244488978095e-01 1.083129653154640692e+01
1.963927855711423143e-01 7.137328733354750376e+00
1.966733466933867913e-01 1.018899477292643319e+01
1.969539078156312684e-01 1.031273113637997874e+01
1.972344689378757732e-01 1.074271189201484589e+01
1.975150300601202780e-01 1.003888340033185322e+01
1.977955911823647550e-01 9.477195594856995697e+00
1.980761523046092321e-01 8.413938143049954022e+00
1.983567134268537369e-01 1.070521403486246470e+01
1.986372745490982139e-01 1.006145127300665010e+01
1.989178356713427187e-01 9.138575949134775556e+00
1.991983967935871958e-01 1.124304123747175588e+01
1.994789579158317006e-01 6.913046544572436503e+00
1.997595190380761776e-01 1.800950323038240342e+01
2.000400801603206546e-01 1.174257145527136892e+01
2.003206412825651594e-01 9.731765719454184449e+00
2.006012024048096365e-01 7.743269440221719258e+00
2.008817635270541413e-01 1.056693605326676710e+01
2.011623246492986183e-01 6.013590337347411108e+00
2.014428857715431231e-01 1.217727117601509157e+01
2.017234468937876002e-01 1.249932163863118717e+01
2.020040080160320772e-01 1.011046390705173081e+01
2.022845691382765820e-01 7.311986500564617408e+00
2.025651302605210868e-01 9.730015961538869718e+00
2.028456913827655361e-01 1.153073045553928644e+01
2.031262525050100409e-01 1.320790018482120765e+01
2.034068136272545457e-01 1.220207890389253080e+01
2.036873747494990228e-01 1.320592559940155475e+01
2.039679358717434998e-01 1.356666771812418837e+01
2.042484969939880046e-01 8.780119063388275080e+00
2.045290581162325094e-01 1.185112834549392069e+01
2.048096192384769587e-01 1.112142779202669907e+01
2.050901803607214635e-01 7.956095024136286220e+00
2.053707414829659683e-01 9.664157177159486523e+00
2.056513026052104454e-01 9.032742022211182942e+00
2.059318637274549224e-01 1.044967884840132832e+01
2.062124248496994272e-01 1.306109376282645407e+01
2.064929859719439320e-01 9.618362492865660585e+00
2.067735470941883813e-01 1.205290057556767991e+01
2.070541082164328861e-01 1.191903055997005190e+01
2.073346693386773909e-01 9.376655283203977120e+00
2.076152304609218679e-01 1.065496574808954655e+01
2.078957915831663450e-01 8.828347136320743971e+00
2.081763527054108498e-01 1.092104092731720044e+01
2.084569138276553546e-01 9.318923013029762004e+00
2.087374749498998316e-01 1.279379936900261683e+01
2.090180360721443087e-01 1.749450688060539960e+01
2.092985971943888135e-01 1.633383723880329086e+01
2.095791583166332905e-01 9.269798505070079742e+00
2.098597194388777676e-01 9.018770614032323607e+00
2.101402805611222724e-01 1.347874378900732495e+01
2.104208416833667772e-01 1.441991037803258813e+01
2.107014028056112542e-01 1.511540117570400277e+01
2.109819639278557313e-01 7.081977615515121727e+00
2.112625250501002361e-01 1.086421019113138975e+01
2.115430861723447131e-01 1.009752973991488467e+01
2.118236472945891902e-01 1.113125689691364251e+01
2.121042084168336950e-01 1.679598099796642430e+01
2.123847695390781998e-01 9.423414145891804594e+00
2.126653306613226768e-01 1.292868290095806216e+01
2.129458917835671539e-01 9.511945541893574330e+00
2.132264529058116587e-01 1.438002941101741605e+01
2.135070140280561357e-01 1.308565653960104136e+01
2.137875751503006128e-01 1.197795153092183895e+01
2.140681362725451176e-01 1.319004578756263513e+01
2.143486973947896224e-01 1.402645515823139988e+01
2.146292585170340994e-01 1.463885402019957915e+01
2.149098196392785765e-01 1.318474068506944619e+01
2.151903807615230813e-01 1.647590220955674667e+01
2.154709418837675583e-01 1.199460450949062462e+01
2.157515030060120353e-01 1.010859850890115119e+01
2.160320641282565401e-01 1.042400523782704980e+01
2.163126252505010449e-01 1.330512067468427340e+01
2.165931863727455220e-01 1.055976052604569837e+01
2.168737474949899990e-01 1.172332904618633975e+01
2.171543086172345038e-01 1.475290609941864162e+01
2.174348697394789809e-01 8.775718364217519607e+00
2.177154308617234579e-01 1.256842279592370915e+01
2.179959919839679627e-01 9.768348987018963925e+00
2.182765531062124675e-01 9.187994391380694736e+00
2.185571142284569446e-01 1.282572332140592231e+01
2.188376753507014216e-01 1.319332680768942900e+01
2.191182364729459264e-01 1.114344465179739352e+01
2.193987975951904035e-01 1.004546192671885407e+01
2.196793587174348805e-01 8.951516866204009659e+00
2.199599198396793853e-01 7.706976310704297006e+00
2.202404809619238901e-01 1.062554303159445368e+01
2.205210420841683672e-01 1.126317423216789848e+01
2.208016032064128442e-01 9.083496064342240217e+00
2.210821643286573490e-01 7.952650812148128523e+00
2.213627254509018261e-01 9.533488046890784773e+00
2.216432865731463031e-01 1.127539577935196924e+01
2.219238476953908079e-01 9.676874567625723955e+00
2.222044088176353127e-01 1.071986035926110503e+01
2.224849699398797898e-01 1.014557206328907135e+01
2.227655310621242668e-01 1.050082883402842704e+01
2.230460921843687716e-01 1.017682566068515193e+01
2.233266533066132487e-01 6.879349242871127146e+00
2.236072144288577257e-01 9.523956208815260283e+00
2.238877755511022305e-01 8.750950949286123048e+00
2.241683366733467353e-01 9.393823570769541220e+00
2.244488977955912123e-01 9.185979284532290734e+00
2.247294589178356894e-01 6.594968331545818074e+00
2.250100200400801942e-01 8.574788362787154838e+00
2.252905811623246712e-01 7.914110921566210877e+00
2.255711422845691483e-01 6.555518967196856117e+00
2.258517034068136531e-01 9.560150441925195253e+00
2.261322645290581579e-01 8.982257614206940133e+00
2.264128256513026349e-01 5.875036121680317969e+00
2.266933867735471120e-01 6.554968972250692971e+00
2.269739478957916168e-01 7.129812173939285458e+00
2.272545090180360938e-01 6.309693956073988197e+00
2.275350701402805709e-01 8.765205325482172682e+00
2.278156312625250757e-01 5.153976524757857725e+00
2.280961923847695805e-01 5.638831478712384104e+00
2.283767535070140575e-01 5.489170181810886895e+00
2.286573146292585346e-01 6.432344236169075913e+00
2.289378757515030394e-01 9.529300305258256998e+00
2.292184368737475442e-01 6.200948768009718393e+00
2.294989979959919935e-01 5.182423180035106824e+00
2.297795591182364983e-01 5.250741325006920590e+00
2.300601202404810031e-01 8.055751133271028763e+00
2.303406813627254801e-01 5.192164100937431748e+00
2.306212424849699572e-01 6.127576570191765271e+00
2.309018036072144620e-01 4.982132123744294816e+00
2.311823647294589668e-01 5.767250025863858376e+00
2.314629258517034160e-01 5.668103661035561736e+00
2.317434869739479208e-01 6.501989461718755692e+00
2.320240480961924256e-01 6.038103227082588731e+00
2.323046092184369027e-01 5.351649939915445131e+00
2.325851703406813797e-01 6.108934610427223966e+00
2.328657314629258845e-01 6.866945772762729661e+00
2.331462925851703893e-01 4.808929961088778349e+00
2.334268537074148386e-01 6.281044420850341758e+00
2.337074148296593434e-01 5.984669028440826821e+00
2.339879759519038482e-01 5.579358785640034846e+00
2.342685370741483253e-01 5.727029404881139207e+00
2.345490981963928023e-01 6.286335437590352626e+00
2.348296593186373071e-01 5.421429260179750464e+00
2.351102204408818119e-01 5.013532877406167820e+00
2.353907815631262890e-01 4.968542481210792339e+00
2.356713426853707660e-01 4.833790030002735882e+00
2.359519038076152708e-01 5.640499986966196921e+00
2.362324649298597479e-01 5.147244706980119489e+00
2.365130260521042249e-01 4.947508244042652770e+00
2.367935871743487297e-01 5.381183155954656350e+00
2.370741482965932345e-01 5.372971849976539538e+00
2.373547094188377116e-01 5.213401005893188334e+00
2.376352705410821886e-01 4.936961647763835614e+00
2.379158316633266934e-01 4.847712041292052021e+00
2.381963927855711705e-01 4.078143663765422033e+00
2.384769539078156475e-01 4.988384929490840669e+00
2.387575150300601523e-01 4.160033140146880193e+00
2.390380761523046571e-01 5.268745250564240479e+00
2.393186372745491342e-01 4.731782983861378078e+00
2.395991983967936112e-01 4.343144317925762721e+00
2.398797595190381160e-01 4.298909906761283928e+00
2.401603206412825930e-01 3.985689983145856097e+00
2.404408817635270701e-01 4.663982570926226146e+00
2.407214428857715749e-01 5.812074178958423154e+00
2.410020040080160797e-01 4.342887251541898586e+00
2.412825651302605567e-01 5.221388547629500110e+00
2.415631262525050338e-01 5.080579264747732360e+00
2.418436873747495386e-01 3.908292891595127383e+00
2.421242484969940156e-01 4.232818255769594806e+00
2.424048096192384927e-01 3.768174137548669478e+00
2.426853707414829975e-01 4.933115516603153949e+00
2.429659318637275023e-01 4.300126631950063505e+00
2.432464929859719793e-01 4.347265327330549489e+00
2.435270541082164564e-01 3.864495968837716955e+00
2.438076152304609612e-01 3.955969867977202181e+00
2.440881763527054382e-01 4.282657157812725046e+00
2.443687374749499153e-01 4.830385658602840415e+00
2.446492985971944201e-01 4.102791201862419079e+00
2.449298597194389249e-01 4.824876283724341519e+00
2.452104208416834019e-01 5.415656862895705359e+00
2.454909819639278790e-01 4.136941743617536638e+00
2.457715430861723838e-01 3.484984315070082772e+00
2.460521042084168608e-01 3.484799476602038926e+00
2.463326653306613379e-01 4.109528235384630079e+00
2.466132264529058427e-01 3.495875566967343584e+00
2.468937875751503475e-01 3.879609844118154349e+00
2.471743486973948245e-01 4.367306235954640847e+00
2.474549098196393015e-01 4.196846327138715971e+00
2.477354709418838064e-01 3.457253746180435350e+00
2.480160320641282834e-01 4.471695154634396374e+00
2.482965931863727604e-01 3.852696004934714313e+00
2.485771543086172652e-01 4.724635649917503954e+00
2.488577154308617700e-01 3.862363981476299113e+00
2.491382765531062471e-01 4.072005817115171844e+00
2.494188376753507241e-01 3.552307899643724731e+00
2.496993987975952289e-01 3.734957072270510547e+00
2.499799599198397060e-01 3.515196250969274683e+00
2.502605210420841830e-01 3.409544318193109547e+00
2.505410821643286878e-01 4.221906464827339001e+00
2.508216432865731926e-01 4.147595398288241419e+00
2.511022044088176974e-01 4.217215599764891465e+00
2.513827655310621467e-01 4.397167978293109236e+00
2.516633266533066515e-01 4.358238850852552915e+00
2.519438877755511008e-01 3.921910068605200195e+00
2.522244488977956056e-01 4.031793355191952699e+00
2.525050100200401104e-01 3.110804646055471689e+00
2.527855711422846152e-01 3.350484346844030181e+00
2.530661322645291200e-01 3.049709817068720241e+00
2.533466933867735693e-01 3.623187113214109356e+00
2.536272545090180741e-01 3.594914272819643042e+00
2.539078156312625234e-01 3.449748799506532571e+00
2.541883767535070282e-01 3.574095060261909929e+00
2.544689378757515330e-01 3.163954094159318942e+00
2.547494989979960378e-01 3.045291357731355397e+00
2.550300601202405426e-01 3.350373689307196479e+00
2.553106212424849919e-01 3.788039895730583861e+00
2.555911823647294967e-01 3.498483038074339024e+00
2.558717434869740015e-01 3.350820336328751647e+00
2.561523046092184508e-01 4.005823299081908040e+00
2.564328657314629556e-01 2.950881699490002230e+00
2.567134268537074604e-01 3.378608783147186934e+00
2.569939879759519652e-01 3.268330847181364351e+00
2.572745490981964145e-01 3.817612017752753051e+00
2.575551102204409193e-01 3.569169157702529738e+00
2.578356713426854241e-01 4.069248806687745912e+00
2.581162324649298734e-01 3.193885578260140079e+00
2.583967935871743782e-01 3.080647959145069503e+00
2.586773547094188830e-01 2.991102617922397400e+00
2.589579158316633878e-01 3.108427325302829836e+00
2.592384769539078371e-01 3.241177397335782917e+00
2.595190380761523419e-01 3.183253329272222931e+00
2.597995991983968467e-01 4.041220679311835262e+00
2.600801603206412960e-01 2.971062291312089876e+00
2.603607214428858008e-01 2.872610982149016667e+00
2.606412825651303056e-01 3.292490458388466212e+00
2.609218436873748104e-01 3.453444515711490581e+00
2.612024048096192597e-01 3.264677502454211844e+00
2.614829659318637645e-01 3.250515080379826394e+00
2.617635270541082693e-01 3.127295070369136454e+00
2.620440881763527186e-01 2.920517620667312908e+00
2.623246492985972234e-01 2.936109526794264735e+00
2.626052104208417282e-01 3.128565550413172858e+00
2.628857715430862330e-01 2.849158860694648965e+00
2.631663326653306823e-01 3.161634499054904346e+00
2.634468937875751871e-01 2.951686567423295493e+00
2.637274549098196919e-01 3.326333100469841764e+00
2.640080160320641411e-01 3.180916713717085287e+00
2.642885771543086459e-01 2.811333938512803776e+00
2.645691382765531507e-01 3.206849072164676073e+00
2.648496993987976555e-01 2.712408150785816208e+00
2.651302605210421603e-01 2.871864508431158924e+00
2.654108216432866096e-01 2.887334486317038262e+00
2.656913827655310589e-01 3.027803043027518015e+00
2.659719438877755637e-01 2.689308219226401064e+00
2.662525050100200685e-01 2.888297462850012653e+00
2.665330661322645733e-01 2.839874761823868887e+00
2.668136272545090781e-01 3.491268080555532727e+00
2.670941883767535829e-01 2.561400239094620890e+00
2.673747494989980322e-01 2.427626555485459914e+00
2.676553106212424815e-01 2.321944691751745005e+00
2.679358717434869863e-01 3.201471695557594810e+00
2.682164328657314911e-01 2.499957055569911102e+00
2.684969939879759959e-01 2.149753431465796893e+00
2.687775551102205007e-01 2.539268828431977987e+00
2.690581162324650055e-01 2.685622925662131788e+00
2.693386773547094548e-01 2.266360113860792946e+00
2.696192384769539041e-01 2.542674697873456680e+00
2.698997995991984089e-01 2.421077029898966781e+00
2.701803607214429137e-01 2.129587976670605620e+00
2.704609218436874185e-01 2.582650488063167327e+00
2.707414829659319233e-01 2.572281583400771954e+00
2.710220440881764281e-01 2.322289285153772642e+00
2.713026052104208774e-01 2.409895851608004680e+00
2.715831663326653267e-01 2.472059783987823334e+00
2.718637274549098315e-01 2.392905404452083218e+00
2.721442885771543363e-01 2.894102874827328531e+00
2.724248496993988411e-01 2.129394443650687307e+00
2.727054108216433459e-01 2.495325891090143688e+00
2.729859719438878507e-01 2.504808434304153675e+00
2.732665330661323000e-01 2.409522100847119042e+00
2.735470941883767493e-01 2.645955251873866487e+00
2.738276553106212541e-01 2.508974535036126330e+00
2.741082164328657589e-01 2.718450432643923165e+00
2.743887775551102637e-01 2.772308308813895117e+00
2.746693386773547685e-01 2.582213645978205019e+00
2.749498997995992733e-01 2.361805129906720424e+00
2.752304609218437226e-01 2.230762455186062976e+00
2.755110220440881719e-01 2.605437273675613064e+00
2.757915831663326767e-01 2.443518089268336357e+00
2.760721442885771815e-01 2.398276897494585391e+00
2.763527054108216863e-01 2.519794059505916284e+00
2.766332665330661911e-01 2.510883581272239873e+00
2.769138276553106959e-01 2.470230803662377905e+00
2.771943887775551452e-01 2.623922461071382717e+00
2.774749498997996500e-01 2.559281350479902351e+00
2.777555110220440993e-01 2.318420924898196844e+00
2.780360721442886041e-01 2.265974066952556765e+00
2.783166332665331089e-01 2.314481871182955341e+00
2.785971943887776137e-01 2.327039974673118294e+00
2.788777555110221185e-01 2.375192477280167136e+00
2.791583166332665678e-01 2.576279071394083076e+00
2.794388777555110726e-01 2.178303767778082989e+00
2.797194388777555218e-01 2.136480545021731903e+00
2.800000000000000266e-01 2.446194060975872553e+00
