lambda suscetibilidade
1.400000000000000133e-01 2.295368818301923852e+00
1.402805611222444904e-01 2.313772052163137971e+00
1.405611222444889952e-01 2.573631978652715091e+00
1.408416833667334722e-01 2.416622485292656553e+00
1.411222444889779770e-01 2.292943176387619353e+00
1.414028056112224541e-01 2.529638273967557360e+00
1.416833667334669589e-01 2.016570759456072892e+00
1.419639278557114359e-01 2.308177514641604144e+00
1.422444889779559130e-01 2.332348270404927870e+00
1.425250501002004178e-01 2.827921181353385993e+00
1.428056112224448948e-01 2.566507123379919264e+00
1.430861723446893996e-01 2.542245705364606145e+00
1.433667334669338767e-01 2.887521787262052442e+00
1.436472945891783815e-01 2.464606293591519393e+00
1.439278557114228585e-01 2.205224237262524145e+00
1.442084168336673355e-01 2.580143439242720493e+00
1.444889779559118403e-01 2.875583677370172175e+00
1.447695390781563174e-01 2.477326316675393159e+00
1.450501002004008222e-01 2.114327029841053918e+00
1.453306613226452992e-01 2.408964890426375849e+00
1.456112224448898040e-01 2.491125876520950744e+00
1.458917835671342811e-01 2.232105315496613063e+00
1.461723446893787859e-01 2.364106249612979660e+00
1.464529058116232629e-01 2.332064740523013935e+00
1.467334669338677400e-01 1.981432227233595356e+00
1.470140280561122448e-01 2.336967450080960518e+00
1.472945891783567218e-01 2.504636551615226026e+00
1.475751503006012266e-01 2.707778939347661229e+00
1.478557114228457037e-01 2.486946556309243217e+00
1.481362725450902085e-01 3.773956917841720937e+00
1.484168336673346855e-01 2.631809170227627614e+00
1.486973947895791626e-01 2.422445365826088270e+00
1.489779559118236674e-01 3.183526643109577670e+00
1.492585170340681444e-01 2.503451595973081645e+00
1.495390781563126492e-01 2.593401631709377320e+00
1.498196392785571263e-01 2.993416096701232654e+00
1.501002004008016311e-01 2.859818546391168947e+00
1.503807615230461081e-01 2.871377377875449444e+00
1.506613226452905852e-01 2.865436368340088080e+00
1.509418837675350900e-01 2.430987095595426251e+00
1.512224448897795670e-01 2.374787652418562267e+00
1.515030060120240718e-01 2.600098949593470099e+00
1.517835671342685488e-01 2.505264603621610409e+00
1.520641282565130536e-01 3.077019220724471538e+00
1.523446893787575307e-01 2.646736102770744559e+00
1.526252505010020077e-01 3.200454497688103750e+00
1.529058116232465125e-01 3.092626469569638381e+00
1.531863727454909896e-01 3.034937757555725479e+00
1.534669338677354944e-01 3.281978057726247400e+00
1.537474949899799714e-01 3.236198641954632027e+00
1.540280561122244762e-01 2.827301269845842402e+00
1.543086172344689533e-01 2.495529427007079359e+00
1.545891783567134303e-01 2.148823179460824129e+00
1.548697394789579351e-01 2.271694153132811422e+00
1.551503006012024122e-01 3.184073823537214132e+00
1.554308617234469170e-01 3.832901068878503459e+00
1.557114228456913940e-01 3.230604101046816723e+00
1.559919839679358988e-01 3.520107080869133043e+00
1.562725450901803759e-01 3.437922077654344655e+00
1.565531062124248529e-01 3.120686380389159797e+00
1.568336673346693577e-01 3.599443423248801288e+00
1.571142284569138348e-01 2.832398898288290834e+00
1.573947895791583396e-01 2.711719622600936130e+00
1.576753507014028166e-01 2.932825988006532381e+00
1.579559118236473214e-01 4.216751303241810689e+00
1.582364729458917985e-01 3.495172460930095149e+00
1.585170340681362755e-01 3.179455560040967743e+00
1.587975951903807803e-01 3.246978364751844648e+00
1.590781563126252574e-01 3.943872511047146201e+00
1.593587174348697622e-01 3.373164600820334424e+00
1.596392785571142392e-01 3.063751986528560955e+00
1.599198396793587440e-01 9.588558905773904684e+00
1.602004008016032210e-01 3.479053022361738190e+00
1.604809619238476981e-01 3.233859310632918760e+00
1.607615230460922029e-01 3.114369288806901004e+00
1.610420841683366799e-01 4.473388626218154585e+00
1.613226452905811847e-01 3.614541317929444553e+00
1.616032064128256618e-01 3.353931723631475847e+00
1.618837675350701666e-01 3.805787816261328782e+00
1.621643286573146436e-01 3.373975246044132348e+00
1.624448897795591207e-01 3.812577210362426250e+00
1.627254509018036255e-01 3.301502568489750544e+00
1.630060120240481025e-01 4.002604905158484883e+00
1.632865731462926073e-01 4.491610316569452976e+00
1.635671342685370844e-01 4.740920996585305858e+00
1.638476953907815892e-01 5.331145399918196581e+00
1.641282565130260662e-01 4.744333047231924283e+00
1.644088176352705433e-01 6.602211768713618589e+00
1.646893787575150481e-01 4.320817577619602723e+00
1.649699398797595251e-01 5.280012469396681674e+00
1.652505010020040299e-01 4.819830062136021276e+00
1.655310621242485070e-01 5.112115773735646407e+00
1.658116232464930118e-01 6.457503888376582069e+00
1.660921843687374888e-01 3.067380386676030302e+00
1.663727454909819936e-01 3.024291132453114095e+00
1.666533066132264707e-01 5.384185473786107679e+00
1.669338677354709755e-01 3.843758798587096237e+00
1.672144288577154525e-01 3.614039822218843678e+00
1.674949899799599295e-01 4.000180477981684746e+00
1.677755511022044344e-01 4.828497291775930123e+00
1.680561122244489114e-01 3.507665438041980277e+00
1.683366733466934162e-01 2.947989942840707034e+00
1.686172344689378932e-01 4.512562201500324832e+00
1.688977955911823980e-01 4.207239088722336540e+00
1.691783567134268751e-01 3.766544181623681542e+00
1.694589178356713521e-01 3.421496284521728271e+00
1.697394789579158569e-01 3.923027427688787316e+00
1.700200400801603340e-01 4.541466630281536077e+00
1.703006012024048388e-01 3.798798172850468724e+00
1.705811623246493158e-01 4.388246526078941834e+00
1.708617234468938206e-01 3.272611624911681449e+00
1.711422845691382977e-01 4.478477210199762304e+00
1.714228456913827747e-01 4.176138884081354696e+00
1.717034068136272795e-01 4.371992515639977483e+00
1.719839679358717566e-01 6.478385315786431065e+00
1.722645290581162614e-01 3.299273993074461231e+00
1.725450901803607384e-01 4.192630233727506983e+00
1.728256513026052432e-01 4.507121258306057143e+00
1.731062124248497203e-01 8.314028290214467987e+00
1.733867735470941973e-01 4.649126797217504325e+00
1.736673346693387021e-01 3.405930574456828008e+00
1.739478957915831792e-01 3.446364910308316265e+00
1.742284569138276840e-01 5.074892723869637301e+00
1.745090180360721610e-01 3.811792268977248099e+00
1.747895791583166658e-01 6.146067383159887321e+00
1.750701402805611429e-01 4.105440353584099533e+00
1.753507014028056199e-01 5.312849542934941383e+00
1.756312625250501247e-01 4.901150294331814372e+00
1.759118236472946017e-01 3.430967868752206051e+00
1.761923847695391065e-01 3.014611557752640891e+00
1.764729458917835836e-01 3.682661931796633148e+00
1.767535070140280884e-01 6.050468739528620965e+00
1.770340681362725654e-01 8.014752605504041227e+00
1.773146292585170425e-01 5.246092687378974162e+00
1.775951903807615473e-01 6.750653519897894306e+00
1.778757515030060243e-01 3.598674089712391666e+00
1.781563126252505291e-01 4.949989747714523602e+00
1.784368737474950062e-01 3.851006714937994513e+00
1.787174348697395110e-01 3.629434381901474271e+00
1.789979959919839880e-01 4.697509674734828167e+00
1.792785571142284651e-01 5.701346396552167128e+00
1.795591182364729699e-01 5.295454853574773857e+00
1.798396793587174469e-01 3.547984790034526270e+00
1.801202404809619517e-01 3.858800757567322215e+00
1.804008016032064288e-01 5.268555580381330650e+00
1.806813627254509336e-01 3.987969685537475772e+00
1.809619238476954106e-01 3.180304016232228914e+00
1.812424849699398877e-01 6.622390255485733235e+00
1.815230460921843925e-01 5.906700912884274679e+00
1.818036072144288695e-01 5.815626502008876209e+00
1.820841683366733743e-01 3.709182332198845966e+00
1.823647294589178514e-01 6.382301881782419528e+00
1.826452905811623562e-01 4.644576257079545911e+00
1.829258517034068332e-01 5.086364717376614664e+00
1.832064128256513102e-01 5.568086480254481607e+00
1.834869739478958151e-01 4.909116068055917381e+00
1.837675350701402921e-01 4.192818544996894659e+00
1.840480961923847969e-01 4.657153145514874915e+00
1.843286573146292739e-01 4.279183462992572906e+00
1.846092184368737787e-01 5.754248886451438949e+00
1.848897795591182558e-01 6.750225676378727613e+00
1.851703406813627328e-01 5.005811271547748298e+00
1.854509018036072376e-01 3.895841701089571618e+00
1.857314629258517147e-01 5.384277561386657140e+00
1.860120240480962195e-01 6.961461552867883817e+00
1.862925851703406965e-01 4.555573975815418564e+00
1.865731462925852013e-01 7.232169944952672402e+00
1.868537074148296784e-01 6.684482192892144958e+00
1.871342685370741554e-01 6.461295695378447945e+00
1.874148296593186602e-01 5.763419256443500949e+00
1.876953907815631650e-01 7.465583707467229324e+00
1.879759519038076421e-01 5.735909095476178443e+00
1.882565130260521191e-01 8.280232775021710623e+00
1.885370741482966239e-01 6.377116133069136161e+00
1.888176352705411010e-01 1.246652860879729730e+01
1.890981963927855780e-01 7.309923464700689877e+00
1.893787575150300828e-01 6.390168231468093651e+00
1.896593186372745876e-01 1.343594469529054436e+01
1.899398797595190647e-01 7.286685849379595403e+00
1.902204408817635417e-01 1.076935290187495831e+01
1.905010020040080465e-01 5.472765805671560457e+00
1.907815631262525236e-01 5.608833349557066583e+00
1.910621242484970006e-01 6.585306058740969526e+00
1.913426853707415054e-01 8.813082830455533312e+00
1.916232464929860102e-01 4.823053046094072371e+00
1.919038076152304872e-01 5.643156712707749989e+00
1.921843687374749643e-01 6.046258707751147377e+00
1.924649298597194691e-01 4.796893676601809098e+00
1.927454909819639461e-01 6.506129200078962782e+00
1.930260521042084232e-01 6.710614250421261140e+00
1.933066132264529280e-01 1.297941577815206138e+01
1.935871743486974328e-01 5.974544525159372732e+00
1.938677354709419098e-01 9.827174492190952293e+00
1.941482965931863869e-01 1.121341053665385346e+01
1.944288577154308917e-01 6.848758127865429479e+00
1.947094188376753687e-01 7.201565581502042512e+00
1.949899799599198458e-01 8.601936428510892796e+00
1.952705410821643506e-01 6.558361181192350564e+00
1.955511022044088554e-01 8.830202824208843282e+00
1.958316633266533324e-01 8.454006833623189721e+00
1.961122244488978095e-01 7.651274184749926377e+00
1.963927855711423143e-01 6.734016516829953503e+00
1.966733466933867913e-01 7.317072136001578464e+00
1.969539078156312684e-01 1.102421423048261317e+01
1.972344689378757732e-01 1.005941897122221285e+01
1.975150300601202780e-01 9.049069995981238179e+00
1.977955911823647550e-01 1.185026203997012928e+01
1.980761523046092321e-01 1.484577423558196863e+01
1.983567134268537369e-01 7.024308334236687656e+00
1.986372745490982139e-01 6.375869909247512624e+00
1.989178356713427187e-01 8.967638020379226305e+00
1.991983967935871958e-01 8.373736815538041611e+00
1.994789579158317006e-01 8.906292900917536670e+00
1.997595190380761776e-01 6.979344947545163436e+00
2.000400801603206546e-01 8.124968448322645642e+00
2.003206412825651594e-01 7.754987465871828078e+00
2.006012024048096365e-01 8.421895250512964282e+00
2.008817635270541413e-01 1.370264552505776656e+01
2.011623246492986183e-01 1.288547754874438667e+01
2.014428857715431231e-01 7.017574049761584831e+00
2.017234468937876002e-01 1.208337210536812911e+01
2.020040080160320772e-01 1.005354680647787369e+01
2.022845691382765820e-01 1.210125845812581957e+01
2.025651302605210868e-01 1.104011570508607676e+01
2.028456913827655361e-01 1.155519592573142695e+01
2.031262525050100409e-01 6.286044154929484762e+00
2.034068136272545457e-01 1.724777956187847749e+01
2.036873747494990228e-01 8.706428020930216505e+00
2.039679358717434998e-01 1.686936712620465428e+01
2.042484969939880046e-01 1.067660819321729626e+01
2.045290581162325094e-01 1.732555997614484511e+01
2.048096192384769587e-01 9.538724681850949239e+00
2.050901803607214635e-01 1.491448181752984148e+01
2.053707414829659683e-01 1.018259465646438855e+01
2.056513026052104454e-01 1.078990943764152277e+01
2.059318637274549224e-01 1.103166881555992695e+01
2.062124248496994272e-01 1.190129733535988699e+01
2.064929859719439320e-01 1.164272816971109670e+01
2.067735470941883813e-01 1.138273351675903911e+01
2.070541082164328861e-01 8.847612988075225005e+00
2.073346693386773909e-01 1.024313469173645075e+01
2.076152304609218679e-01 1.010609276980024163e+01
2.078957915831663450e-01 1.024643837759253984e+01
2.081763527054108498e-01 1.200801929649225208e+01
2.084569138276553546e-01 1.304527053024319905e+01
2.087374749498998316e-01 1.251600404252147669e+01
2.090180360721443087e-01 1.056946937157569266e+01
2.092985971943888135e-01 1.496800571783611034e+01
2.095791583166332905e-01 1.232303631652625242e+01
2.098597194388777676e-01 1.021446033433200640e+01
2.101402805611222724e-01 1.184770789990554007e+01
2.104208416833667772e-01 1.206897767543795474e+01
2.107014028056112542e-01 8.432166358802012596e+00
2.109819639278557313e-01 9.586450854909854158e+00
2.112625250501002361e-01 1.098185574468200620e+01
2.115430861723447131e-01 1.115714655208413397e+01
2.118236472945891902e-01 1.038005952205996962e+01
2.121042084168336950e-01 9.248865410595124459e+00
2.123847695390781998e-01 1.330954827753007663e+01
2.126653306613226768e-01 7.091418755040047373e+00
2.129458917835671539e-01 1.550212576779329865e+01
2.132264529058116587e-01 1.383494094430804111e+01
2.135070140280561357e-01 1.254968298347180777e+01
2.137875751503006128e-01 9.518013952527974553e+00
2.140681362725451176e-01 1.061891776646983665e+01
2.143486973947896224e-01 1.009737435600422550e+01
2.146292585170340994e-01 1.188688178207554813e+01
2.149098196392785765e-01 1.148913895249403438e+01
2.151903807615230813e-01 9.767753324844473894e+00
2.154709418837675583e-01 1.177683828831245272e+01
2.157515030060120353e-01 1.266984658066176372e+01
2.160320641282565401e-01 1.187745790549655922e+01
2.163126252505010449e-01 8.758870310039155171e+00
2.165931863727455220e-01 9.572088002975547738e+00
2.168737474949899990e-01 1.210475672197893360e+01
2.171543086172345038e-01 9.396834957337111049e+00
2.174348697394789809e-01 1.429916412648693580e+01
2.177154308617234579e-01 1.160844476318014351e+01
2.179959919839679627e-01 1.096872747572278683e+01
2.182765531062124675e-01 9.866678273365030449e+00
2.185571142284569446e-01 7.207313353454045668e+00
2.188376753507014216e-01 9.253993471857098640e+00
2.191182364729459264e-01 8.545253709768953598e+00
2.193987975951904035e-01 1.014574516177504648e+01
2.196793587174348805e-01 1.245661685621266912e+01
2.199599198396793853e-01 1.328432790089247462e+01
2.202404809619238901e-01 8.432608333778301102e+00
2.205210420841683672e-01 8.888736759054758352e+00
2.208016032064128442e-01 1.048563618408408438e+01
2.210821643286573490e-01 1.060153804452205328e+01
2.213627254509018261e-01 1.295725801512833719e+01
2.216432865731463031e-01 1.029764309496224683e+01
2.219238476953908079e-01 9.778148348544942081e+00
2.222044088176353127e-01 6.314394935188966329e+00
2.224849699398797898e-01 7.780366014407700703e+00
2.227655310621242668e-01 7.429734303941777362e+00
2.230460921843687716e-01 9.756826593390186986e+00
2.233266533066132487e-01 9.967236841380348267e+00
2.236072144288577257e-01 1.044074198254815578e+01
2.238877755511022305e-01 9.791785242463546979e+00
2.241683366733467353e-01 5.577062838276944490e+00
2.244488977955912123e-01 7.331361561086924716e+00
2.247294589178356894e-01 8.020623614108767896e+00
2.250100200400801942e-01 7.869134173892911477e+00
2.252905811623246712e-01 7.735294911776586346e+00
2.255711422845691483e-01 7.521664183129610493e+00
2.258517034068136531e-01 6.566165404374106451e+00
2.261322645290581579e-01 5.681616534460379064e+00
2.264128256513026349e-01 7.055631467507221366e+00
2.266933867735471120e-01 5.368967818677108816e+00
2.269739478957916168e-01 7.604509982240812427e+00
2.272545090180360938e-01 6.581084726880533253e+00
2.275350701402805709e-01 6.026998820126181933e+00
2.278156312625250757e-01 6.979396246579925744e+00
2.280961923847695805e-01 5.853202296162336005e+00
2.283767535070140575e-01 8.632310409096898951e+00
2.286573146292585346e-01 8.125097730366526605e+00
2.289378757515030394e-01 6.880769912110207720e+00
2.292184368737475442e-01 5.751294278502478541e+00
2.294989979959919935e-01 6.054502587311308304e+00
2.297795591182364983e-01 6.900382853600724786e+00
2.300601202404810031e-01 5.798793533846212434e+00
2.303406813627254801e-01 8.028092910631446699e+00
2.306212424849699572e-01 5.236901973384783027e+00
2.309018036072144620e-01 4.505350499307968271e+00
2.311823647294589668e-01 6.547054280802719006e+00
2.314629258517034160e-01 5.636739959768892305e+00
2.317434869739479208e-01 5.204871383832208487e+00
2.320240480961924256e-01 5.073531782598063700e+00
2.323046092184369027e-01 5.357947526414431394e+00
2.325851703406813797e-01 6.158294036575593822e+00
2.328657314629258845e-01 5.640248624811163403e+00
2.331462925851703893e-01 7.559923432189915360e+00
2.334268537074148386e-01 5.736228113282881402e+00
2.337074148296593434e-01 4.397080546023416581e+00
2.339879759519038482e-01 5.888310263456455473e+00
2.342685370741483253e-01 5.939876282621466608e+00
2.345490981963928023e-01 5.396790568118958298e+00
2.348296593186373071e-01 6.353920186457744812e+00
2.351102204408818119e-01 5.341219312238052908e+00
2.353907815631262890e-01 5.826911835809021944e+00
2.356713426853707660e-01 5.368916205307510126e+00
2.359519038076152708e-01 5.308464021589235138e+00
2.362324649298597479e-01 5.681571560227120621e+00
2.365130260521042249e-01 4.275103752485535757e+00
2.367935871743487297e-01 5.874245342381071211e+00
2.370741482965932345e-01 5.047402454083706580e+00
2.373547094188377116e-01 4.832692530181853741e+00
2.376352705410821886e-01 4.881649899003362769e+00
2.379158316633266934e-01 5.006906774756493483e+00
2.381963927855711705e-01 4.527192135991331412e+00
2.384769539078156475e-01 4.613031006871928241e+00
2.387575150300601523e-01 5.463894998465014474e+00
2.390380761523046571e-01 5.149130149986294036e+00
2.393186372745491342e-01 4.806571594532759839e+00
2.395991983967936112e-01 4.082101934545010025e+00
2.398797595190381160e-01 4.547866329837186861e+00
2.401603206412825930e-01 4.556666404326508157e+00
2.404408817635270701e-01 4.886302844328866080e+00
2.407214428857715749e-01 5.178466360245773004e+00
2.410020040080160797e-01 4.884865689986281012e+00
2.412825651302605567e-01 4.621914249961403875e+00
2.415631262525050338e-01 3.650375273645949381e+00
2.418436873747495386e-01 3.952679561654117713e+00
2.421242484969940156e-01 3.757310587848462724e+00
2.424048096192384927e-01 4.143204122580753435e+00
2.426853707414829975e-01 5.100714426440106308e+00
2.429659318637275023e-01 4.979146581690814699e+00
2.432464929859719793e-01 4.073283905215052236e+00
2.435270541082164564e-01 5.100916369694417085e+00
2.438076152304609612e-01 4.860673403026328998e+00
2.440881763527054382e-01 4.495307361160773674e+00
2.443687374749499153e-01 4.837079712355704331e+00
2.446492985971944201e-01 4.253675620981220540e+00
2.449298597194389249e-01 4.004737416364183566e+00
2.452104208416834019e-01 4.160060807658256365e+00
2.454909819639278790e-01 4.514184575382813591e+00
2.457715430861723838e-01 3.973291462396941753e+00
2.460521042084168608e-01 4.463123644732454487e+00
2.463326653306613379e-01 4.985325227424275418e+00
2.466132264529058427e-01 3.867712326826889591e+00
2.468937875751503475e-01 4.167715353318954818e+00
2.471743486973948245e-01 4.193455579969198155e+00
2.474549098196393015e-01 3.431822276610694722e+00
2.477354709418838064e-01 3.278640475396138676e+00
2.480160320641282834e-01 4.214127601717444271e+00
2.482965931863727604e-01 4.264363761440167266e+00
2.485771543086172652e-01 4.234914822876049811e+00
2.488577154308617700e-01 3.463546606070507128e+00
2.491382765531062471e-01 4.537058254333037333e+00
2.494188376753507241e-01 3.818559645787513279e+00
2.496993987975952289e-01 3.767753562952684376e+00
2.499799599198397060e-01 3.296537102794644181e+00
2.502605210420841830e-01 4.009745365106343051e+00
2.505410821643286878e-01 3.428384087639730016e+00
2.508216432865731926e-01 3.710257164672933428e+00
2.511022044088176974e-01 3.222650627399724410e+00
2.513827655310621467e-01 3.502715074030560594e+00
2.516633266533066515e-01 4.088273952919537102e+00
2.519438877755511008e-01 3.146247404035409367e+00
2.522244488977956056e-01 3.542139985621400644e+00
2.525050100200401104e-01 3.178647322949426535e+00
2.527855711422846152e-01 3.746753679182439623e+00
2.530661322645291200e-01 3.725758619324675447e+00
2.533466933867735693e-01 3.386422625825434629e+00
2.536272545090180741e-01 3.374277048417218428e+00
2.539078156312625234e-01 3.597876810220257848e+00
2.541883767535070282e-01 3.668684235967989871e+00
2.544689378757515330e-01 2.710502070763893823e+00
2.547494989979960378e-01 2.821769025736843961e+00
2.550300601202405426e-01 3.419893773604185672e+00
2.553106212424849919e-01 3.278060457458895183e+00
2.555911823647294967e-01 3.546226820704588611e+00
2.558717434869740015e-01 3.446980541662195030e+00
2.561523046092184508e-01 3.441495552880930120e+00
2.564328657314629556e-01 3.209057838053938294e+00
2.567134268537074604e-01 3.005652076071755996e+00
2.569939879759519652e-01 3.262005821734445643e+00
2.572745490981964145e-01 3.732204818359468934e+00
2.575551102204409193e-01 3.540522696434701189e+00
2.578356713426854241e-01 3.326935256199004876e+00
2.581162324649298734e-01 3.065481798237126743e+00
2.583967935871743782e-01 3.973857403872234073e+00
2.586773547094188830e-01 3.195178353087432033e+00
2.589579158316633878e-01 2.958685648243586819e+00
2.592384769539078371e-01 2.899846912290130696e+00
2.595190380761523419e-01 3.738947649836774634e+00
2.597995991983968467e-01 2.904405350925244544e+00
2.600801603206412960e-01 3.271101079094649311e+00
2.603607214428858008e-01 3.350427887813401728e+00
2.606412825651303056e-01 3.020054619363591542e+00
2.609218436873748104e-01 3.299634529046158615e+00
2.612024048096192597e-01 3.082010115754909130e+00
2.614829659318637645e-01 3.242789797536865137e+00
2.617635270541082693e-01 2.924721107183278601e+00
2.620440881763527186e-01 2.994310934440011618e+00
2.623246492985972234e-01 3.033932813901005776e+00
2.626052104208417282e-01 2.975119570366463240e+00
2.628857715430862330e-01 3.184634177156959733e+00
2.631663326653306823e-01 3.315605713315078695e+00
2.634468937875751871e-01 2.818131019238903523e+00
2.637274549098196919e-01 3.185854072563980122e+00
2.640080160320641411e-01 2.881056388942063951e+00
2.642885771543086459e-01 2.960562243625933565e+00
2.645691382765531507e-01 2.663426493887342428e+00
2.648496993987976555e-01 2.779159861444921109e+00
2.651302605210421603e-01 2.932079272279866977e+00
2.654108216432866096e-01 2.657394296419200330e+00
2.656913827655310589e-01 2.841298622319610612e+00
2.659719438877755637e-01 2.835231528413415081e+00
2.662525050100200685e-01 2.605491008131053388e+00
2.665330661322645733e-01 2.789208391501256656e+00
2.668136272545090781e-01 2.593830450747945715e+00
2.670941883767535829e-01 3.268756657979902336e+00
2.673747494989980322e-01 3.287586670244398324e+00
2.676553106212424815e-01 2.940815372491459190e+00
2.679358717434869863e-01 2.739424301067134415e+00
2.682164328657314911e-01 2.616406857524125940e+00
2.684969939879759959e-01 3.120702808099109049e+00
2.687775551102205007e-01 2.760725486423488029e+00
2.690581162324650055e-01 2.639059786915194383e+00
2.693386773547094548e-01 2.802159734359139343e+00
2.696192384769539041e-01 2.890586364059962943e+00
2.698997995991984089e-01 2.488617928397787615e+00
2.701803607214429137e-01 2.746467027366171543e+00
2.704609218436874185e-01 2.615376174823678568e+00
2.707414829659319233e-01 2.543390789633257043e+00
2.710220440881764281e-01 2.643749855380308045e+00
2.713026052104208774e-01 2.880598875864087915e+00
2.715831663326653267e-01 2.541748220343387654e+00
2.718637274549098315e-01 2.524169728796118672e+00
2.721442885771543363e-01 2.700659659040034022e+00
2.724248496993988411e-01 2.538911615124528787e+00
2.727054108216433459e-01 2.883489285678112246e+00
2.729859719438878507e-01 2.874483359550866535e+00
2.732665330661323000e-01 2.728748343107482821e+00
2.735470941883767493e-01 2.667618390340815271e+00
2.738276553106212541e-01 2.540413221908384145e+00
2.741082164328657589e-01 2.782071926261496575e+00
2.743887775551102637e-01 2.338362546403189413e+00
2.746693386773547685e-01 2.466946326439818815e+00
2.749498997995992733e-01 2.435233506504223211e+00
2.752304609218437226e-01 2.214855556618809285e+00
2.755110220440881719e-01 2.432428489402907790e+00
2.757915831663326767e-01 2.445510291129757263e+00
2.760721442885771815e-01 2.272004653779294170e+00
2.763527054108216863e-01 2.433331828161493071e+00
2.766332665330661911e-01 2.277321799509545830e+00
2.769138276553106959e-01 2.478283450754242612e+00
2.771943887775551452e-01 2.281013448031754542e+00
2.774749498997996500e-01 2.628083490902261676e+00
2.777555110220440993e-01 2.042497961613850777e+00
2.780360721442886041e-01 2.086383062443822656e+00
2.783166332665331089e-01 2.320513560201380443e+00
2.785971943887776137e-01 2.538868899346431895e+00
2.788777555110221185e-01 2.327232592927061638e+00
2.791583166332665678e-01 2.350408494204619725e+00
2.794388777555110726e-01 2.410335762079099275e+00
2.797194388777555218e-01 2.462268973763100277e+00
2.800000000000000266e-01 2.325948209531052857e+00
