lambda suscetibilidade
1.400000000000000133e-01 2.178226661650453533e+00
1.402805611222444904e-01 2.190303446348578653e+00
1.405611222444889952e-01 1.940917355587390647e+00
1.408416833667334722e-01 2.345335018482576306e+00
1.411222444889779770e-01 2.386187766429477719e+00
1.414028056112224541e-01 2.529086281141765813e+00
1.416833667334669589e-01 2.362663546480828991e+00
1.419639278557114359e-01 2.770169643483884059e+00
1.422444889779559130e-01 2.295803356379171323e+00
1.425250501002004178e-01 2.439611366990206864e+00
1.428056112224448948e-01 2.426091141640521087e+00
1.430861723446893996e-01 2.922529691542963715e+00
1.433667334669338767e-01 2.472421955902479151e+00
1.436472945891783815e-01 2.905044706232088991e+00
1.439278557114228585e-01 2.753767169331929665e+00
1.442084168336673355e-01 2.730442841823164990e+00
1.444889779559118403e-01 2.574636458090462821e+00
1.447695390781563174e-01 2.419524427583697790e+00
1.450501002004008222e-01 2.704560851045962000e+00
1.453306613226452992e-01 2.646720483568539617e+00
1.456112224448898040e-01 3.035900309819464127e+00
1.458917835671342811e-01 2.805016416806129342e+00
1.461723446893787859e-01 2.921286935527071638e+00
1.464529058116232629e-01 3.521936768898597858e+00
1.467334669338677400e-01 2.532004584140500558e+00
1.470140280561122448e-01 2.715459737972280241e+00
1.472945891783567218e-01 3.048318332153494126e+00
1.475751503006012266e-01 3.082898961200327470e+00
1.478557114228457037e-01 3.241176222429841047e+00
1.481362725450902085e-01 4.072295195676312929e+00
1.484168336673346855e-01 3.478652726169837450e+00
1.486973947895791626e-01 3.813362895038972411e+00
1.489779559118236674e-01 2.804458644581069304e+00
1.492585170340681444e-01 2.724734075070627703e+00
1.495390781563126492e-01 3.048310877536894115e+00
1.498196392785571263e-01 3.174766633227347423e+00
1.501002004008016311e-01 2.705499635757292687e+00
1.503807615230461081e-01 3.413508077712943845e+00
1.506613226452905852e-01 3.099734194250194808e+00
1.509418837675350900e-01 2.931452120668534000e+00
1.512224448897795670e-01 3.627075715400028599e+00
1.515030060120240718e-01 3.202891452604096578e+00
1.517835671342685488e-01 2.929421635166999938e+00
1.520641282565130536e-01 3.294231753783174454e+00
1.523446893787575307e-01 4.002261439733630688e+00
1.526252505010020077e-01 4.272866350536847158e+00
1.529058116232465125e-01 3.687474815353856794e+00
1.531863727454909896e-01 3.193396424685101209e+00
1.534669338677354944e-01 3.903366271852492631e+00
1.537474949899799714e-01 3.354156606418968067e+00
1.540280561122244762e-01 3.229914435551895835e+00
1.543086172344689533e-01 3.532159375399439583e+00
1.545891783567134303e-01 3.308864897595042542e+00
1.548697394789579351e-01 3.305620082457462416e+00
1.551503006012024122e-01 2.718215813948408055e+00
1.554308617234469170e-01 2.678172080836944691e+00
1.557114228456913940e-01 3.524120124829399181e+00
1.559919839679358988e-01 5.434870601140009860e+00
1.562725450901803759e-01 3.130685132235022650e+00
1.565531062124248529e-01 2.637990373496057028e+00
1.568336673346693577e-01 2.375476324641327963e+00
1.571142284569138348e-01 4.527598122189452567e+00
1.573947895791583396e-01 2.349049567391448434e+00
1.576753507014028166e-01 2.141070366722920060e+00
1.579559118236473214e-01 2.729982032233396971e+00
1.582364729458917985e-01 3.262027754394762447e+00
1.585170340681362755e-01 5.029551695351780261e+00
1.587975951903807803e-01 3.726195949308991118e+00
1.590781563126252574e-01 3.682451563390963578e+00
1.593587174348697622e-01 3.919526571985614716e+00
1.596392785571142392e-01 3.911680667455486926e+00
1.599198396793587440e-01 3.512202589550594833e+00
1.602004008016032210e-01 3.570960926525207579e+00
1.604809619238476981e-01 4.538498920350737542e+00
1.607615230460922029e-01 4.702047568989644155e+00
1.610420841683366799e-01 4.817127984727668455e+00
1.613226452905811847e-01 5.113139133739092124e+00
1.616032064128256618e-01 4.864440393226107773e+00
1.618837675350701666e-01 5.261936192576368576e+00
1.621643286573146436e-01 5.094101332925248471e+00
1.624448897795591207e-01 4.745126038585093298e+00
1.627254509018036255e-01 4.934989206774170967e+00
1.630060120240481025e-01 5.562016987814980773e+00
1.632865731462926073e-01 4.421630120141207598e+00
1.635671342685370844e-01 7.022062613019823374e+00
1.638476953907815892e-01 3.990341717263111931e+00
1.641282565130260662e-01 5.672214017630851757e+00
1.644088176352705433e-01 4.538741734217034640e+00
1.646893787575150481e-01 4.422359461857618079e+00
1.649699398797595251e-01 4.202798636977323810e+00
1.652505010020040299e-01 4.203823813082332883e+00
1.655310621242485070e-01 3.731080706369918953e+00
1.658116232464930118e-01 4.412377223922110403e+00
1.660921843687374888e-01 6.945871834748984952e+00
1.663727454909819936e-01 5.722521789031929984e+00
1.666533066132264707e-01 4.254423773613357440e+00
1.669338677354709755e-01 3.960620177135546705e+00
1.672144288577154525e-01 4.646379162370173788e+00
1.674949899799599295e-01 4.089081920334469267e+00
1.677755511022044344e-01 4.120664292592461919e+00
1.680561122244489114e-01 4.729251610708903542e+00
1.683366733466934162e-01 4.466166350907427862e+00
1.686172344689378932e-01 4.815517342481263618e+00
1.688977955911823980e-01 3.926662076545560431e+00
1.691783567134268751e-01 3.788014116404566867e+00
1.694589178356713521e-01 3.414531454638603414e+00
1.697394789579158569e-01 6.403485971144069921e+00
1.700200400801603340e-01 3.973472529159255640e+00
1.703006012024048388e-01 4.776471561767106522e+00
1.705811623246493158e-01 4.210484144933638539e+00
1.708617234468938206e-01 6.143475442349949134e+00
1.711422845691382977e-01 3.375659084392408360e+00
1.714228456913827747e-01 4.188010950229987372e+00
1.717034068136272795e-01 5.133083296883291347e+00
1.719839679358717566e-01 4.155043255282883763e+00
1.722645290581162614e-01 5.030727453851030262e+00
1.725450901803607384e-01 3.225892589095919583e+00
1.728256513026052432e-01 4.341791738625455643e+00
1.731062124248497203e-01 3.623141606506015577e+00
1.733867735470941973e-01 3.793968255789244459e+00
1.736673346693387021e-01 4.425657080023833956e+00
1.739478957915831792e-01 4.404115594150859181e+00
1.742284569138276840e-01 4.435587598631303585e+00
1.745090180360721610e-01 3.782489196350609539e+00
1.747895791583166658e-01 5.377224766172488124e+00
1.750701402805611429e-01 6.117258700290327589e+00
1.753507014028056199e-01 3.971730637897596949e+00
1.756312625250501247e-01 4.622510439550595152e+00
1.759118236472946017e-01 5.238210591022251172e+00
1.761923847695391065e-01 2.879004825323130401e+00
1.764729458917835836e-01 4.466073411301753282e+00
1.767535070140280884e-01 4.301317665498952891e+00
1.770340681362725654e-01 5.719296827641946024e+00
1.773146292585170425e-01 5.045683829481521165e+00
1.775951903807615473e-01 4.098298063256252455e+00
1.778757515030060243e-01 5.154669575519062796e+00
1.781563126252505291e-01 4.080093356546035999e+00
1.784368737474950062e-01 5.137101349338621503e+00
1.787174348697395110e-01 4.716485930197680254e+00
1.789979959919839880e-01 6.045870279398843472e+00
1.792785571142284651e-01 7.571100194697258701e+00
1.795591182364729699e-01 5.386450070497454057e+00
1.798396793587174469e-01 5.717630799961295196e+00
1.801202404809619517e-01 4.107583957968267363e+00
1.804008016032064288e-01 6.483393102891238158e+00
1.806813627254509336e-01 3.609596138179006708e+00
1.809619238476954106e-01 3.587788340864035863e+00
1.812424849699398877e-01 4.550362869821544365e+00
1.815230460921843925e-01 3.869423493101197042e+00
1.818036072144288695e-01 3.484061727017553345e+00
1.820841683366733743e-01 3.967438537792014941e+00
1.823647294589178514e-01 4.571829574926429274e+00
1.826452905811623562e-01 6.773642977971022106e+00
1.829258517034068332e-01 5.807211543805340881e+00
1.832064128256513102e-01 5.060185420979926185e+00
1.834869739478958151e-01 7.003732979953512405e+00
1.837675350701402921e-01 4.876529015673744638e+00
1.840480961923847969e-01 4.325931843656022124e+00
1.843286573146292739e-01 4.507706183487673712e+00
1.846092184368737787e-01 4.477532939717434601e+00
1.848897795591182558e-01 5.086988124967635194e+00
1.851703406813627328e-01 7.386551843782823923e+00
1.854509018036072376e-01 8.983724199150927348e+00
1.857314629258517147e-01 4.890188851197128983e+00
1.860120240480962195e-01 4.781423711034709534e+00
1.862925851703406965e-01 6.404568642362663766e+00
1.865731462925852013e-01 5.179140650490754005e+00
1.868537074148296784e-01 5.396285047567956461e+00
1.871342685370741554e-01 5.981560246905298861e+00
1.874148296593186602e-01 5.541080990765883563e+00
1.876953907815631650e-01 6.464434812077831438e+00
1.879759519038076421e-01 8.777723144104060182e+00
1.882565130260521191e-01 5.041478696414325000e+00
1.885370741482966239e-01 9.643435899161655556e+00
1.888176352705411010e-01 8.825623250378297868e+00
1.890981963927855780e-01 6.159757318554116345e+00
1.893787575150300828e-01 7.805535786826670375e+00
1.896593186372745876e-01 6.741629574283507509e+00
1.899398797595190647e-01 6.496812626829933990e+00
1.902204408817635417e-01 6.703972458920390842e+00
1.905010020040080465e-01 7.669759385947695129e+00
1.907815631262525236e-01 1.032646875176208034e+01
1.910621242484970006e-01 7.445127016495256100e+00
1.913426853707415054e-01 7.748792581393361800e+00
1.916232464929860102e-01 8.875076521350541370e+00
1.919038076152304872e-01 6.841966424169198646e+00
1.921843687374749643e-01 7.472182623563746517e+00
1.924649298597194691e-01 6.780467445213162136e+00
1.927454909819639461e-01 1.195462860323424259e+01
1.930260521042084232e-01 8.327513187714295384e+00
1.933066132264529280e-01 1.138332696792763699e+01
1.935871743486974328e-01 8.849848999352383672e+00
1.938677354709419098e-01 7.957992978749657276e+00
1.941482965931863869e-01 1.008395011045738343e+01
1.944288577154308917e-01 7.652966459523273812e+00
1.947094188376753687e-01 6.075991613881353004e+00
1.949899799599198458e-01 8.364941255662420971e+00
1.952705410821643506e-01 1.120151015133590633e+01
1.955511022044088554e-01 8.467609105165148975e+00
1.958316633266533324e-01 8.258560308391276195e+00
1.961122244488978095e-01 7.119885068051331700e+00
1.963927855711423143e-01 8.639437772360626155e+00
1.966733466933867913e-01 9.785281679666029575e+00
1.969539078156312684e-01 8.338516800890976910e+00
1.972344689378757732e-01 9.841490447215281989e+00
1.975150300601202780e-01 1.137348236397016166e+01
1.977955911823647550e-01 7.286014138803014184e+00
1.980761523046092321e-01 7.778823851759406161e+00
1.983567134268537369e-01 7.029601911806395265e+00
1.986372745490982139e-01 8.363302447773973469e+00
1.989178356713427187e-01 9.215511030862584718e+00
1.991983967935871958e-01 9.692776277030617393e+00
1.994789579158317006e-01 1.021457408797910382e+01
1.997595190380761776e-01 1.149560490112010136e+01
2.000400801603206546e-01 7.969493944629888027e+00
2.003206412825651594e-01 8.727715861605394920e+00
2.006012024048096365e-01 7.771368542982568961e+00
2.008817635270541413e-01 9.820461100809771082e+00
2.011623246492986183e-01 8.299363011875847462e+00
2.014428857715431231e-01 1.049205378780811060e+01
2.017234468937876002e-01 8.735940767951591468e+00
2.020040080160320772e-01 9.495260188378153998e+00
2.022845691382765820e-01 1.618363068083850465e+01
2.025651302605210868e-01 6.827896379948868777e+00
2.028456913827655361e-01 1.141815989766206307e+01
2.031262525050100409e-01 1.119855110905123219e+01
2.034068136272545457e-01 1.312249152751439496e+01
2.036873747494990228e-01 1.215142650326389173e+01
2.039679358717434998e-01 9.489146985666749856e+00
2.042484969939880046e-01 1.535005165547705452e+01
2.045290581162325094e-01 1.032053933517064692e+01
2.048096192384769587e-01 7.094385505828339156e+00
2.050901803607214635e-01 8.356594582013030958e+00
2.053707414829659683e-01 1.247940040009252449e+01
2.056513026052104454e-01 1.185014441020019937e+01
2.059318637274549224e-01 1.137045755277700998e+01
2.062124248496994272e-01 9.218695731948095329e+00
2.064929859719439320e-01 1.190083166494344979e+01
2.067735470941883813e-01 8.491921143313797771e+00
2.070541082164328861e-01 1.066752446080594829e+01
2.073346693386773909e-01 8.926968132685155766e+00
2.076152304609218679e-01 1.018982653949333361e+01
2.078957915831663450e-01 1.055969625598980421e+01
2.081763527054108498e-01 8.787922310059158804e+00
2.084569138276553546e-01 1.225382917078795586e+01
2.087374749498998316e-01 1.082100025668022347e+01
2.090180360721443087e-01 1.213879874581257923e+01
2.092985971943888135e-01 1.083968252943200028e+01
2.095791583166332905e-01 1.006766385910335160e+01
2.098597194388777676e-01 1.080112653639001685e+01
2.101402805611222724e-01 1.008628091910842528e+01
2.104208416833667772e-01 1.151364416149043279e+01
2.107014028056112542e-01 1.224134693202466728e+01
2.109819639278557313e-01 1.142872014060376351e+01
2.112625250501002361e-01 1.093118918914333904e+01
2.115430861723447131e-01 1.298858354822642269e+01
2.118236472945891902e-01 1.223461337387609582e+01
2.121042084168336950e-01 1.254008877258449672e+01
2.123847695390781998e-01 1.305136535584186497e+01
2.126653306613226768e-01 1.231820536773670582e+01
2.129458917835671539e-01 9.628169842307578108e+00
2.132264529058116587e-01 8.884783755521667103e+00
2.135070140280561357e-01 1.426914320136491909e+01
2.137875751503006128e-01 1.222881779731057961e+01
2.140681362725451176e-01 1.365585785183079537e+01
2.143486973947896224e-01 1.244842153142974261e+01
2.146292585170340994e-01 9.955160188086006556e+00
2.149098196392785765e-01 8.253529912685312553e+00
2.151903807615230813e-01 1.048478790846612618e+01
2.154709418837675583e-01 6.705097563146385831e+00
2.157515030060120353e-01 1.157631456164969919e+01
2.160320641282565401e-01 1.070497781683076255e+01
2.163126252505010449e-01 1.056065357770725832e+01
2.165931863727455220e-01 9.777522673280763854e+00
2.168737474949899990e-01 1.014015885872789191e+01
2.171543086172345038e-01 1.073931107589668343e+01
2.174348697394789809e-01 9.081229815322743093e+00
2.177154308617234579e-01 9.918297717935889324e+00
2.179959919839679627e-01 8.577197279418887987e+00
2.182765531062124675e-01 1.162496352713952774e+01
2.185571142284569446e-01 1.209691133937755225e+01
2.188376753507014216e-01 1.060192823755162195e+01
2.191182364729459264e-01 1.044254105768406227e+01
2.193987975951904035e-01 7.862028234145526540e+00
2.196793587174348805e-01 6.679062527732236632e+00
2.199599198396793853e-01 9.411039448817453135e+00
2.202404809619238901e-01 9.537673983548225820e+00
2.205210420841683672e-01 7.983907925330584021e+00
2.208016032064128442e-01 1.210389258073653806e+01
2.210821643286573490e-01 9.822070547327552248e+00
2.213627254509018261e-01 1.132256030402231772e+01
2.216432865731463031e-01 8.897954949113486833e+00
2.219238476953908079e-01 8.583910445140780610e+00
2.222044088176353127e-01 9.058999642075178826e+00
2.224849699398797898e-01 7.288995172823409696e+00
2.227655310621242668e-01 8.167466789799444626e+00
2.230460921843687716e-01 9.387115969122541870e+00
2.233266533066132487e-01 1.078126414207317829e+01
2.236072144288577257e-01 8.422765834282287756e+00
2.238877755511022305e-01 5.712438821777112707e+00
2.241683366733467353e-01 8.884879475220101241e+00
2.244488977955912123e-01 8.200817379990128941e+00
2.247294589178356894e-01 7.834945962427009469e+00
2.250100200400801942e-01 7.600994713242458012e+00
2.252905811623246712e-01 1.006718147401163144e+01
2.255711422845691483e-01 5.865586442363847297e+00
2.258517034068136531e-01 7.670735291469055639e+00
2.261322645290581579e-01 5.528285181600043785e+00
2.264128256513026349e-01 9.020596099172150772e+00
2.266933867735471120e-01 7.535796594881678523e+00
2.269739478957916168e-01 6.312917896603506662e+00
2.272545090180360938e-01 5.697742252417447695e+00
2.275350701402805709e-01 6.546215815502915092e+00
2.278156312625250757e-01 6.659817441934568372e+00
2.280961923847695805e-01 6.440699024109523663e+00
2.283767535070140575e-01 8.842201227381570661e+00
2.286573146292585346e-01 9.587619618364561447e+00
2.289378757515030394e-01 5.403521965394418203e+00
2.292184368737475442e-01 6.199365885350083261e+00
2.294989979959919935e-01 8.041828083718598918e+00
2.297795591182364983e-01 7.581586061620913419e+00
2.300601202404810031e-01 6.888323410163351035e+00
2.303406813627254801e-01 6.479412956908998211e+00
2.306212424849699572e-01 5.529739399047278070e+00
2.309018036072144620e-01 6.449036709803273482e+00
2.311823647294589668e-01 6.085044347883258986e+00
2.314629258517034160e-01 5.638220733193989531e+00
2.317434869739479208e-01 6.513953021888815975e+00
2.320240480961924256e-01 5.693758955293085400e+00
2.323046092184369027e-01 6.226695148107932454e+00
2.325851703406813797e-01 5.396471569136964241e+00
2.328657314629258845e-01 5.408085717008097149e+00
2.331462925851703893e-01 5.134522197631797624e+00
2.334268537074148386e-01 4.375825574753140046e+00
2.337074148296593434e-01 5.721990111295352399e+00
2.339879759519038482e-01 5.750288920245585800e+00
2.342685370741483253e-01 5.948638443457332947e+00
2.345490981963928023e-01 5.910985496615887236e+00
2.348296593186373071e-01 5.849812844620394081e+00
2.351102204408818119e-01 5.772518228418460851e+00
2.353907815631262890e-01 5.395518960606658254e+00
2.356713426853707660e-01 5.738518106889830328e+00
2.359519038076152708e-01 5.764291905566500063e+00
2.362324649298597479e-01 4.792476200689331556e+00
2.365130260521042249e-01 6.306603390086174876e+00
2.367935871743487297e-01 5.864181285664256116e+00
2.370741482965932345e-01 4.818018815760886753e+00
2.373547094188377116e-01 4.932754819537437996e+00
2.376352705410821886e-01 4.630767899147924638e+00
2.379158316633266934e-01 5.157102470399869354e+00
2.381963927855711705e-01 4.962852510164634801e+00
2.384769539078156475e-01 4.002693039708921319e+00
2.387575150300601523e-01 5.066140883809871376e+00
2.390380761523046571e-01 4.799516612438430307e+00
2.393186372745491342e-01 6.075363512601976268e+00
2.395991983967936112e-01 4.787997531280153929e+00
2.398797595190381160e-01 5.628367436407626379e+00
2.401603206412825930e-01 4.931629914359409561e+00
2.404408817635270701e-01 4.037181137046666812e+00
2.407214428857715749e-01 4.732187091436325765e+00
2.410020040080160797e-01 4.935340418455314015e+00
2.412825651302605567e-01 4.844145406561706224e+00
2.415631262525050338e-01 4.091723376103466592e+00
2.418436873747495386e-01 4.439205558191275713e+00
2.421242484969940156e-01 5.232996757167626356e+00
2.424048096192384927e-01 3.802998619408604952e+00
2.426853707414829975e-01 4.477834679715007482e+00
2.429659318637275023e-01 4.021170208634328169e+00
2.432464929859719793e-01 4.249842088278922958e+00
2.435270541082164564e-01 4.311571780729125614e+00
2.438076152304609612e-01 5.038876095331674243e+00
2.440881763527054382e-01 3.890288574242917186e+00
2.443687374749499153e-01 4.373338513380504722e+00
2.446492985971944201e-01 5.186681633329421004e+00
2.449298597194389249e-01 3.869349014804687847e+00
2.452104208416834019e-01 4.128671296202453433e+00
2.454909819639278790e-01 4.373142930771077630e+00
2.457715430861723838e-01 4.191181658237395524e+00
2.460521042084168608e-01 4.256195038503401307e+00
2.463326653306613379e-01 3.240987024374071268e+00
2.466132264529058427e-01 3.464291192765130756e+00
2.468937875751503475e-01 4.708393405905720641e+00
2.471743486973948245e-01 3.030477920218673571e+00
2.474549098196393015e-01 4.243402064418027919e+00
2.477354709418838064e-01 3.803163084548630835e+00
2.480160320641282834e-01 3.614370950216272416e+00
2.482965931863727604e-01 4.344167010999098189e+00
2.485771543086172652e-01 3.528690683622045299e+00
2.488577154308617700e-01 4.372767399797289123e+00
2.491382765531062471e-01 3.658937144309815537e+00
2.494188376753507241e-01 3.864821553046314140e+00
2.496993987975952289e-01 3.721371651462821895e+00
2.499799599198397060e-01 3.917150701862381901e+00
2.502605210420841830e-01 4.329345734802368284e+00
2.505410821643286878e-01 3.468038541050484369e+00
2.508216432865731926e-01 4.026006425252209198e+00
2.511022044088176974e-01 3.271427863407268433e+00
2.513827655310621467e-01 3.468352719998591738e+00
2.516633266533066515e-01 3.718934644634702469e+00
2.519438877755511008e-01 4.151191496313718865e+00
2.522244488977956056e-01 3.903977839988579390e+00
2.525050100200401104e-01 3.565789441096881784e+00
2.527855711422846152e-01 3.804504431852782087e+00
2.530661322645291200e-01 3.250073895699083337e+00
2.533466933867735693e-01 3.538117161017715784e+00
2.536272545090180741e-01 3.498088591974477080e+00
2.539078156312625234e-01 3.775532118579203900e+00
2.541883767535070282e-01 3.959598078578572711e+00
2.544689378757515330e-01 3.876334687416987279e+00
2.547494989979960378e-01 3.913391436906672460e+00
2.550300601202405426e-01 3.724286125526192759e+00
2.553106212424849919e-01 3.423756941503734552e+00
2.555911823647294967e-01 4.048040331932898361e+00
2.558717434869740015e-01 3.055027300105583432e+00
2.561523046092184508e-01 3.691283451156460949e+00
2.564328657314629556e-01 3.306845125580111233e+00
2.567134268537074604e-01 3.086442514875493703e+00
2.569939879759519652e-01 3.122606874988193670e+00
2.572745490981964145e-01 3.404579784681011745e+00
2.575551102204409193e-01 3.297730165425762472e+00
2.578356713426854241e-01 3.078067147569643502e+00
2.581162324649298734e-01 3.109001355607800665e+00
2.583967935871743782e-01 3.542653277304270265e+00
2.586773547094188830e-01 2.830505625931603930e+00
2.589579158316633878e-01 2.940822772200944790e+00
2.592384769539078371e-01 3.322303107835996805e+00
2.595190380761523419e-01 3.323243473737346854e+00
2.597995991983968467e-01 3.175449481127031515e+00
2.600801603206412960e-01 3.060148223933812250e+00
2.603607214428858008e-01 2.745889307959107573e+00
2.606412825651303056e-01 3.372506623712238305e+00
2.609218436873748104e-01 3.230406591411652428e+00
2.612024048096192597e-01 3.657034244600159134e+00
2.614829659318637645e-01 2.735107369570086266e+00
2.617635270541082693e-01 2.804457942236728396e+00
2.620440881763527186e-01 3.034993220635984201e+00
2.623246492985972234e-01 2.654192555338817261e+00
2.626052104208417282e-01 2.843161497243185565e+00
2.628857715430862330e-01 2.671576496212644702e+00
2.631663326653306823e-01 2.530149168393359904e+00
2.634468937875751871e-01 3.114464198350676227e+00
2.637274549098196919e-01 3.020060354134981750e+00
2.640080160320641411e-01 2.779669186749504028e+00
2.642885771543086459e-01 3.018274373438149638e+00
2.645691382765531507e-01 3.139927489483627987e+00
2.648496993987976555e-01 3.049767385130435660e+00
2.651302605210421603e-01 2.731459144493615376e+00
2.654108216432866096e-01 2.598967273875471218e+00
2.656913827655310589e-01 3.159711888535187807e+00
2.659719438877755637e-01 2.678248198883744990e+00
2.662525050100200685e-01 3.315731305205780188e+00
2.665330661322645733e-01 2.501927690539281546e+00
2.668136272545090781e-01 2.512701942554207868e+00
2.670941883767535829e-01 2.905307161329300669e+00
2.673747494989980322e-01 2.699303082614882499e+00
2.676553106212424815e-01 2.984962895464428723e+00
2.679358717434869863e-01 2.427126654353903845e+00
2.682164328657314911e-01 2.529909132032517771e+00
2.684969939879759959e-01 2.628679543348834802e+00
2.687775551102205007e-01 2.428013987181308231e+00
2.690581162324650055e-01 2.583701403619520054e+00
2.693386773547094548e-01 2.939796106946644727e+00
2.696192384769539041e-01 2.455765103617879141e+00
2.698997995991984089e-01 2.577944389257189162e+00
2.701803607214429137e-01 2.315521208440647793e+00
2.704609218436874185e-01 2.939133350751333307e+00
2.707414829659319233e-01 2.781090367213242764e+00
2.710220440881764281e-01 2.077635758671059207e+00
2.713026052104208774e-01 2.593657804058072003e+00
2.715831663326653267e-01 2.664641315089045559e+00
2.718637274549098315e-01 2.593403489662860828e+00
2.721442885771543363e-01 2.654886079264071608e+00
2.724248496993988411e-01 2.542722554611231089e+00
2.727054108216433459e-01 2.286190502707171390e+00
2.729859719438878507e-01 2.774386154750025479e+00
2.732665330661323000e-01 2.767143991378054224e+00
2.735470941883767493e-01 2.376921880283107580e+00
2.738276553106212541e-01 2.589771219206565611e+00
2.741082164328657589e-01 2.642464427597442711e+00
2.743887775551102637e-01 2.597783431317103542e+00
2.746693386773547685e-01 2.098046017559692000e+00
2.749498997995992733e-01 2.500001389842434474e+00
2.752304609218437226e-01 2.989324179579031071e+00
2.755110220440881719e-01 2.340219795389304913e+00
2.757915831663326767e-01 2.505869202769725579e+00
2.760721442885771815e-01 2.703584432628899137e+00
2.763527054108216863e-01 2.634828236282122038e+00
2.766332665330661911e-01 2.308090541285650499e+00
2.769138276553106959e-01 2.675702676051802786e+00
2.771943887775551452e-01 2.314216797336883680e+00
2.774749498997996500e-01 2.218117427942232212e+00
2.777555110220440993e-01 2.542136627158862350e+00
2.780360721442886041e-01 2.172257168111340953e+00
2.783166332665331089e-01 2.050656011560067160e+00
2.785971943887776137e-01 2.125422553156904648e+00
2.788777555110221185e-01 2.214306343972559432e+00
2.791583166332665678e-01 2.240517481079944861e+00
2.794388777555110726e-01 2.411230937820679099e+00
2.797194388777555218e-01 2.388133760865089883e+00
2.800000000000000266e-01 2.137920430338927424e+00
