lambda suscetibilidade
0.000000000000000000e+00 1.879552963576291091e+00
1.101101101101101043e-04 1.918991667425201886e+00
2.202202202202202086e-04 1.959023214814985758e+00
3.303303303303302993e-04 2.018861497435497920e+00
4.404404404404404171e-04 2.039541626096540217e+00
5.505505505505504807e-04 2.155094735520076021e+00
6.606606606606605986e-04 2.211203470577223662e+00
7.707707707707707164e-04 2.218546297064232231e+00
8.808808808808808342e-04 2.201849056820333050e+00
9.909909909909908436e-04 2.235563706198149259e+00
1.101101101101100961e-03 2.313944640609143288e+00
1.211211211211211079e-03 2.278191392385008118e+00
1.321321321321321197e-03 2.289069735251053395e+00
1.431431431431431315e-03 2.357491832576352753e+00
1.541541541541541433e-03 2.349852511725317505e+00
1.651651651651651551e-03 2.414905645960812475e+00
1.761761761761761668e-03 2.447841762845690106e+00
1.871871871871871786e-03 2.414490853559018824e+00
1.981981981981981687e-03 2.443541118243706567e+00
2.092092092092092022e-03 2.518751095618152025e+00
2.202202202202201923e-03 2.682942254454503406e+00
2.312312312312312258e-03 2.464956595346805113e+00
2.422422422422422159e-03 2.682111527716550814e+00
2.532532532532532493e-03 2.613050873656046935e+00
2.642642642642642394e-03 2.674260406704463744e+00
2.752752752752752729e-03 2.622542799950519754e+00
2.862862862862862630e-03 2.609876456464351957e+00
2.972972972972972965e-03 2.738882369843927744e+00
3.083083083083082866e-03 2.745874385613459978e+00
3.193193193193193200e-03 2.718206388637599780e+00
3.303303303303303101e-03 2.736170539758936648e+00
3.413413413413413436e-03 2.690653603695438711e+00
3.523523523523523337e-03 2.595814483930509287e+00
3.633633633633633238e-03 2.542896552288214096e+00
3.743743743743743572e-03 2.694758387920281439e+00
3.853853853853853473e-03 2.714965941441869646e+00
3.963963963963963374e-03 2.731295682983924777e+00
4.074074074074073709e-03 2.695483978514743306e+00
4.184184184184184044e-03 2.625276834994650255e+00
4.294294294294294378e-03 2.665776761698779751e+00
4.404404404404403846e-03 2.544947192887720089e+00
4.514514514514514180e-03 2.571453983262300014e+00
4.624624624624624515e-03 2.557861040682756659e+00
4.734734734734734850e-03 2.608003502124872863e+00
4.844844844844844317e-03 2.603777689336899126e+00
4.954954954954954652e-03 2.787473996384435715e+00
5.065065065065064986e-03 2.543136417728762755e+00
5.175175175175175321e-03 2.541677641356456796e+00
5.285285285285284788e-03 2.815201861012786910e+00
5.395395395395395123e-03 2.856464452088201433e+00
5.505505505505505458e-03 2.910365159359581622e+00
5.615615615615614925e-03 2.846161484522901297e+00
5.725725725725725260e-03 2.823129482727555040e+00
5.835835835835835594e-03 2.851506717478133890e+00
5.945945945945945929e-03 2.688183968904105381e+00
6.056056056056055396e-03 2.852323130282519159e+00
6.166166166166165731e-03 2.709761214004394070e+00
6.276276276276276066e-03 2.484954688594434469e+00
6.386386386386386400e-03 2.558084351926447564e+00
6.496496496496495868e-03 2.766846242584093396e+00
6.606606606606606202e-03 3.029830830947175091e+00
6.716716716716716537e-03 2.775968992248062595e+00
6.826826826826826872e-03 1.772457149737265647e+00
6.936936936936936339e-03 1.597836745609604092e+00
7.047047047047046674e-03 1.750685659598529398e+00
7.157157157157157008e-03 1.742560134550946493e+00
7.267267267267266476e-03 1.569925680613445174e+00
7.377377377377376810e-03 1.439345569091317945e+00
7.487487487487487145e-03 1.474582669570751570e+00
7.597597597597597480e-03 1.558935408735371730e+00
7.707707707707706947e-03 1.510498102392729525e+00
7.817817817817818149e-03 1.494750656167979086e+00
7.927927927927926749e-03 1.492002995995736381e+00
8.038038038038037084e-03 1.293320632393084146e+00
8.148148148148147418e-03 1.533538051695586324e+00
8.258258258258257753e-03 1.447948302416635968e+00
8.368368368368368088e-03 1.393303819803207722e+00
8.478478478478478422e-03 1.554302694977935939e+00
8.588588588588588757e-03 1.442722409909910075e+00
8.698698698698699092e-03 1.421134326746571253e+00
8.808808808808807692e-03 1.469727270615982739e+00
8.918918918918918026e-03 1.379621866886168835e+00
9.029029029029028361e-03 1.345868990058373127e+00
9.139139139139138696e-03 1.540660436409158507e+00
9.249249249249249030e-03 1.506004140786749490e+00
9.359359359359359365e-03 1.362526401664817088e+00
9.469469469469469700e-03 1.364348131243447337e+00
9.579579579579578300e-03 1.434882096142080288e+00
9.689689689689688634e-03 1.586781583569285781e+00
9.799799799799798969e-03 1.471995671960938612e+00
9.909909909909909304e-03 1.403691294064646655e+00
1.002002002002001964e-02 1.376046606150928220e+00
1.013013013013012997e-02 1.413245179527401918e+00
1.024024024024024031e-02 1.326014844850874841e+00
1.035035035035035064e-02 1.299490523669012632e+00
1.046046046046045924e-02 1.287396210347030001e+00
1.057057057057056958e-02 1.534715245843650377e+00
1.068068068068067991e-02 1.372029265626607986e+00
1.079079079079079025e-02 1.341424245024106288e+00
1.090090090090090058e-02 1.265211561970108978e+00
1.101101101101101092e-02 1.253384000789359742e+00
1.112112112112112125e-02 1.277502052762620854e+00
1.123123123123122985e-02 1.210011512034486092e+00
1.134134134134134018e-02 1.283727399165507599e+00
1.145145145145145052e-02 1.230741947972475048e+00
1.156156156156156085e-02 1.526500951749113710e+00
1.167167167167167119e-02 1.876296167302547335e+00
1.178178178178178152e-02 1.425399504860227484e+00
1.189189189189189186e-02 1.461011054691632172e+00
1.200200200200200219e-02 1.451795491057275678e+00
1.211211211211211079e-02 1.305665832041117858e+00
1.222222222222222113e-02 1.358832046619148359e+00
1.233233233233233146e-02 1.321999064403291735e+00
1.244244244244244180e-02 1.721062374141209661e+00
1.255255255255255213e-02 1.682088252553539887e+00
1.266266266266266247e-02 1.373332472932224269e+00
1.277277277277277280e-02 1.570607409226236095e+00
1.288288288288288140e-02 1.529525736516316625e+00
1.299299299299299174e-02 1.412599936040933812e+00
1.310310310310310207e-02 1.424607346624783499e+00
1.321321321321321240e-02 1.662130307449771527e+00
1.332332332332332274e-02 1.459220893597881208e+00
1.343343343343343307e-02 1.385275204865705545e+00
1.354354354354354341e-02 1.580314257053503146e+00
1.365365365365365374e-02 1.719834581568207454e+00
1.376376376376376234e-02 1.467169829589035190e+00
1.387387387387387268e-02 1.458960303559830418e+00
1.398398398398398301e-02 1.515975235075125660e+00
1.409409409409409335e-02 1.507752944942729156e+00
1.420420420420420368e-02 1.469631873033760083e+00
1.431431431431431402e-02 1.419980576715825560e+00
1.442442442442442435e-02 1.605354020643855462e+00
1.453453453453453295e-02 1.481296531507596326e+00
1.464464464464464329e-02 1.398764274454998180e+00
1.475475475475475362e-02 1.225969961866749003e+00
1.486486486486486396e-02 1.395570398473714224e+00
1.497497497497497429e-02 1.579596758310600313e+00
1.508508508508508462e-02 1.229624994811771010e+00
1.519519519519519496e-02 1.452457112393138017e+00
1.530530530530530529e-02 1.501299239370780692e+00
1.541541541541541389e-02 1.438892674884536316e+00
1.552552552552552423e-02 1.509898573967956681e+00
1.563563563563563630e-02 1.273356064277358479e+00
1.574574574574574490e-02 1.287721618786366262e+00
1.585585585585585350e-02 1.209762987109453070e+00
1.596596596596596557e-02 1.325267159380203674e+00
1.607607607607607417e-02 1.467676850578957914e+00
1.618618618618618624e-02 1.267049180931209884e+00
1.629629629629629484e-02 1.283680525713553733e+00
1.640640640640640691e-02 1.204936763819659973e+00
1.651651651651651551e-02 1.185818239135050911e+00
1.662662662662662411e-02 1.212835680017820383e+00
1.673673673673673618e-02 1.436445312385459694e+00
1.684684684684684478e-02 1.460503062828643950e+00
1.695695695695695684e-02 1.216134778467521604e+00
1.706706706706706544e-02 1.552149880458394193e+00
1.717717717717717751e-02 1.410251936076900137e+00
1.728728728728728611e-02 1.218353999240101571e+00
1.739739739739739818e-02 1.518778904311966160e+00
1.750750750750750678e-02 1.459061242829856608e+00
1.761761761761761538e-02 1.425847702855504773e+00
1.772772772772772745e-02 1.474098057354301439e+00
1.783783783783783605e-02 1.725012946847306994e+00
1.794794794794794812e-02 1.522913628620237159e+00
1.805805805805805672e-02 1.666483966636457925e+00
1.816816816816816879e-02 1.599099042529536163e+00
1.827827827827827739e-02 1.489078863623213955e+00
1.838838838838838599e-02 1.603583955578157916e+00
1.849849849849849806e-02 1.629500541675165115e+00
1.860860860860860666e-02 1.484792144365421729e+00
1.871871871871871873e-02 1.464836739310760638e+00
1.882882882882882733e-02 1.608056705754433269e+00
1.893893893893893940e-02 1.558751007187654469e+00
1.904904904904904800e-02 1.541978851988339505e+00
1.915915915915915660e-02 1.933461172444920217e+00
1.926926926926926867e-02 1.799457230085269144e+00
1.937937937937937727e-02 1.657224267415944752e+00
1.948948948948948934e-02 1.560402808450259249e+00
1.959959959959959794e-02 1.505584555504495103e+00
1.970970970970971001e-02 1.500545237527628251e+00
1.981981981981981861e-02 1.550601763913289410e+00
1.992992992992992721e-02 1.677027057642020980e+00
2.004004004004003928e-02 1.632953254771787988e+00
2.015015015015014788e-02 1.661858280199598248e+00
2.026026026026025995e-02 1.749683393371262774e+00
2.037037037037036855e-02 1.623961226986265327e+00
2.048048048048048062e-02 1.523848526877653153e+00
2.059059059059058922e-02 1.699634662025053089e+00
2.070070070070070128e-02 1.733039921491970503e+00
2.081081081081080988e-02 1.827968704338926997e+00
2.092092092092091848e-02 1.855032982106220585e+00
2.103103103103103055e-02 1.554733874279801364e+00
2.114114114114113915e-02 1.826982465727255978e+00
2.125125125125125122e-02 2.110299504417151528e+00
2.136136136136135982e-02 1.568457880868258991e+00
2.147147147147147189e-02 1.939825645590204761e+00
2.158158158158158049e-02 1.968134146417566344e+00
2.169169169169168909e-02 1.798387772235037430e+00
2.180180180180180116e-02 1.579829949911206732e+00
2.191191191191190976e-02 1.745979940107662776e+00
2.202202202202202183e-02 2.026086329314514156e+00
2.213213213213213043e-02 1.536510517867702763e+00
2.224224224224224250e-02 1.746229737037687801e+00
2.235235235235235110e-02 1.544075472740934929e+00
2.246246246246245970e-02 1.669582633093328328e+00
2.257257257257257177e-02 1.779726381655612366e+00
2.268268268268268037e-02 1.589248430435539206e+00
2.279279279279279244e-02 1.714088669617749972e+00
2.290290290290290104e-02 1.480418892302465261e+00
2.301301301301301311e-02 1.645298007960348752e+00
2.312312312312312171e-02 1.424608416900505992e+00
2.323323323323323031e-02 1.594592942413039394e+00
2.334334334334334238e-02 1.477067761083263875e+00
2.345345345345345098e-02 1.583187964324093588e+00
2.356356356356356305e-02 1.595259215454366108e+00
2.367367367367367165e-02 1.730383936451897808e+00
2.378378378378378372e-02 1.901387862810079543e+00
2.389389389389389232e-02 1.648699145585842185e+00
2.400400400400400439e-02 1.595239602647010368e+00
2.411411411411411299e-02 1.666942309646987308e+00
2.422422422422422159e-02 1.863486476789284030e+00
2.433433433433433365e-02 2.194782514348472713e+00
2.444444444444444225e-02 2.054018573742318665e+00
2.455455455455455432e-02 1.681106692120243107e+00
2.466466466466466292e-02 1.617197192398110994e+00
2.477477477477477499e-02 1.634692566989112361e+00
2.488488488488488359e-02 1.791101415817241138e+00
2.499499499499499219e-02 1.421806403783320016e+00
2.510510510510510426e-02 1.601601274132104624e+00
2.521521521521521286e-02 1.649368629881709403e+00
2.532532532532532493e-02 1.517094398612170769e+00
2.543543543543543353e-02 1.724774311117775794e+00
2.554554554554554560e-02 1.737342411751170657e+00
2.565565565565565420e-02 1.513689586296847134e+00
2.576576576576576280e-02 1.633867961189379381e+00
2.587587587587587487e-02 1.743529788123213242e+00
2.598598598598598347e-02 1.870914263167273273e+00
2.609609609609609554e-02 2.136045795347254472e+00
2.620620620620620414e-02 1.874504007283927187e+00
2.631631631631631621e-02 2.419969553393984008e+00
2.642642642642642481e-02 1.577026348434997338e+00
2.653653653653653341e-02 1.807177554797924968e+00
2.664664664664664548e-02 1.631703882239459169e+00
2.675675675675675408e-02 1.893421654857321279e+00
2.686686686686686615e-02 1.718064669475598993e+00
2.697697697697697475e-02 1.558308177479467593e+00
2.708708708708708682e-02 1.698845333828812754e+00
2.719719719719719542e-02 2.231588583416170835e+00
2.730730730730730749e-02 1.542247191218615754e+00
2.741741741741741609e-02 1.657993947697739223e+00
2.752752752752752469e-02 1.574279722120421887e+00
2.763763763763763676e-02 1.621796153081850100e+00
2.774774774774774536e-02 1.844575772186995311e+00
2.785785785785785743e-02 1.549734687012147338e+00
2.796796796796796603e-02 1.704426270059974380e+00
2.807807807807807809e-02 1.959818034789088337e+00
2.818818818818818669e-02 1.864844362123210475e+00
2.829829829829829529e-02 1.903738983877137692e+00
2.840840840840840736e-02 1.954996567201341406e+00
2.851851851851851596e-02 1.787483267047360158e+00
2.862862862862862803e-02 1.843052726325263624e+00
2.873873873873873663e-02 2.397301280383870026e+00
2.884884884884884870e-02 1.897542568363850712e+00
2.895895895895895730e-02 1.808286323235759996e+00
2.906906906906906590e-02 1.929298770210053915e+00
2.917917917917917797e-02 1.717016649192467215e+00
2.928928928928928657e-02 1.916523223398223230e+00
2.939939939939939864e-02 2.166526698114860316e+00
2.950950950950950724e-02 2.017567743550244597e+00
2.961961961961961931e-02 1.945817451673779397e+00
2.972972972972972791e-02 2.183814842563119196e+00
2.983983983983983998e-02 2.243051043224270735e+00
2.994994994994994858e-02 2.022663126713385218e+00
3.006006006006005718e-02 2.024435197248072971e+00
3.017017017017016925e-02 2.207338951343151390e+00
3.028028028028027785e-02 1.925625157555959088e+00
3.039039039039038992e-02 2.099134891681287751e+00
3.050050050050049852e-02 2.125979448947506789e+00
3.061061061061061059e-02 1.735231994251085430e+00
3.072072072072071919e-02 2.084271889243227704e+00
3.083083083083082779e-02 1.914624518353268856e+00
3.094094094094093986e-02 1.719043115198600313e+00
3.105105105105104846e-02 1.894986254481439092e+00
3.116116116116116053e-02 2.095933753095349239e+00
3.127127127127127260e-02 1.701533416419697131e+00
3.138138138138137773e-02 1.578291774335501385e+00
3.149149149149148980e-02 1.612871892841877708e+00
3.160160160160160187e-02 1.639304138160328828e+00
3.171171171171170700e-02 1.656037147882069238e+00
3.182182182182181907e-02 1.886561116400779170e+00
3.193193193193193113e-02 1.761181736497054562e+00
3.204204204204204320e-02 1.842186205931185539e+00
3.215215215215214833e-02 1.722088385525219367e+00
3.226226226226226040e-02 1.845203375251754485e+00
3.237237237237237247e-02 1.788844350666583205e+00
3.248248248248247760e-02 1.682862381934692841e+00
3.259259259259258967e-02 1.755814496097055644e+00
3.270270270270270174e-02 1.895237611524403842e+00
3.281281281281281381e-02 1.720250211752144320e+00
3.292292292292291894e-02 1.966389564015914582e+00
3.303303303303303101e-02 2.264262918867566032e+00
3.314314314314314308e-02 2.081581252525877002e+00
3.325325325325324821e-02 2.056488977772510829e+00
3.336336336336336028e-02 2.199103354990672887e+00
3.347347347347347235e-02 2.115015112070711911e+00
3.358358358358358442e-02 2.431200242351110763e+00
3.369369369369368955e-02 2.433143276310434366e+00
3.380380380380380162e-02 2.550656022158612313e+00
3.391391391391391369e-02 2.015804881431377815e+00
3.402402402402401882e-02 1.834887386799235465e+00
3.413413413413413089e-02 1.739863926362965607e+00
3.424424424424424296e-02 2.344954392375538266e+00
3.435435435435435503e-02 2.184706048830944880e+00
3.446446446446446016e-02 2.145431202269495241e+00
3.457457457457457223e-02 2.188436611165063272e+00
3.468468468468468430e-02 2.963594630755274739e+00
3.479479479479479637e-02 1.956409313251664450e+00
3.490490490490490150e-02 2.420943613277998452e+00
3.501501501501501357e-02 2.232543297183205766e+00
3.512512512512512564e-02 2.239278397153156241e+00
3.523523523523523077e-02 2.713264050284664552e+00
3.534534534534534284e-02 2.331004092007283202e+00
3.545545545545545491e-02 2.670995843593094055e+00
3.556556556556556697e-02 2.639326254702448082e+00
3.567567567567567210e-02 2.361977587491511432e+00
3.578578578578578417e-02 2.475709954752808972e+00
3.589589589589589624e-02 2.288857637054747318e+00
3.600600600600600137e-02 2.479770398636275797e+00
3.611611611611611344e-02 2.303877896495601263e+00
3.622622622622622551e-02 2.366747085836895081e+00
3.633633633633633758e-02 2.078530501827605459e+00
3.644644644644644271e-02 2.240951181061629160e+00
3.655655655655655478e-02 3.904528633626618728e+00
3.666666666666666685e-02 2.252236478382821705e+00
3.677677677677677198e-02 2.183672138929027451e+00
3.688688688688688405e-02 1.939281591125214144e+00
3.699699699699699612e-02 2.230887113901268037e+00
3.710710710710710819e-02 2.484451830471261946e+00
3.721721721721721332e-02 2.406401567206652103e+00
3.732732732732732539e-02 2.566116159188186252e+00
3.743743743743743746e-02 2.336030176457611240e+00
3.754754754754754259e-02 2.614523713937978666e+00
3.765765765765765466e-02 2.524735058498551066e+00
3.776776776776776673e-02 2.046749997679243371e+00
3.787787787787787880e-02 2.266515106953288505e+00
3.798798798798798393e-02 3.015068667608314712e+00
3.809809809809809600e-02 2.837577164257083062e+00
3.820820820820820807e-02 2.119909187772987647e+00
3.831831831831831320e-02 2.318795897060955014e+00
3.842842842842842527e-02 2.126761178339563685e+00
3.853853853853853734e-02 2.330749279751745284e+00
3.864864864864864941e-02 2.313379149759910103e+00
3.875875875875875454e-02 2.547235999358385072e+00
3.886886886886886661e-02 1.957658827460981854e+00
3.897897897897897868e-02 2.335970244742923807e+00
3.908908908908908381e-02 2.146792787923870627e+00
3.919919919919919588e-02 2.358799300340451044e+00
3.930930930930930794e-02 2.650971398774423005e+00
3.941941941941942001e-02 2.362291638308022801e+00
3.952952952952952514e-02 2.700301995316335191e+00
3.963963963963963721e-02 2.576732035793082520e+00
3.974974974974974928e-02 2.565503184770097533e+00
3.985985985985985441e-02 2.554942272753986554e+00
3.996996996996996648e-02 2.441315993264053130e+00
4.008008008008007855e-02 2.766119595172484846e+00
4.019019019019019062e-02 2.253343402646781346e+00
4.030030030030029575e-02 3.797541502469984565e+00
4.041041041041040782e-02 5.042139860374750704e+00
4.052052052052051989e-02 6.481198634818380988e+00
4.063063063063062502e-02 3.130972112052870848e+00
4.074074074074073709e-02 3.661254150751406033e+00
4.085085085085084916e-02 4.374863508135639734e+00
4.096096096096096123e-02 4.872981236885319589e+00
4.107107107107106636e-02 4.128049080405741478e+00
4.118118118118117843e-02 4.680445134575569099e+00
4.129129129129129050e-02 6.332921977839904848e+00
4.140140140140140257e-02 3.923029275669117855e+00
4.151151151151150770e-02 3.568321067254091705e+00
4.162162162162161977e-02 2.725082420984595633e+00
4.173173173173173184e-02 3.653576440427458660e+00
4.184184184184183697e-02 2.318178713172289740e+00
4.195195195195194904e-02 2.341643813514989514e+00
4.206206206206206111e-02 3.683028781653934214e+00
4.217217217217217318e-02 3.409353913073995823e+00
4.228228228228227831e-02 2.938182943634925159e+00
4.239239239239239038e-02 2.726236844695500317e+00
4.250250250250250245e-02 2.577534310888389246e+00
4.261261261261260758e-02 2.792697929004384516e+00
4.272272272272271965e-02 2.566994075628905136e+00
4.283283283283283172e-02 2.816403307138778178e+00
4.294294294294294378e-02 3.007080464413462995e+00
4.305305305305304892e-02 3.674799759413708955e+00
4.316316316316316098e-02 2.524625657359333086e+00
4.327327327327327305e-02 3.332682290800107250e+00
4.338338338338337818e-02 3.325611772732699034e+00
4.349349349349349025e-02 3.892590573159963263e+00
4.360360360360360232e-02 3.090267035895674308e+00
4.371371371371371439e-02 3.468775299940144219e+00
4.382382382382381952e-02 5.332224407198024707e+00
4.393393393393393159e-02 3.671904859904266072e+00
4.404404404404404366e-02 2.597950762082827936e+00
4.415415415415414879e-02 3.314492135716912369e+00
4.426426426426426086e-02 2.893487112270805017e+00
4.437437437437437293e-02 3.090659430677181074e+00
4.448448448448448500e-02 3.022085678543708465e+00
4.459459459459459013e-02 3.018833139530046950e+00
4.470470470470470220e-02 4.222938573626819903e+00
4.481481481481481427e-02 4.143472591447703302e+00
4.492492492492491940e-02 3.003615085489955039e+00
4.503503503503503147e-02 2.983171376032717426e+00
4.514514514514514354e-02 2.973344994167073096e+00
4.525525525525525561e-02 2.918037450420869483e+00
4.536536536536536074e-02 3.885728094374032882e+00
4.547547547547547281e-02 4.320286855965473016e+00
4.558558558558558488e-02 3.946138212769953579e+00
4.569569569569569001e-02 3.296640648701396614e+00
4.580580580580580208e-02 3.311541197808490544e+00
4.591591591591591415e-02 3.644748107238489965e+00
4.602602602602602622e-02 3.554017293854209392e+00
4.613613613613613135e-02 3.539650097608308954e+00
4.624624624624624342e-02 3.635847428731041830e+00
4.635635635635635549e-02 3.854675304466461228e+00
4.646646646646646062e-02 3.631273707995435363e+00
4.657657657657657269e-02 3.244168692409301169e+00
4.668668668668668476e-02 3.102814063210323159e+00
4.679679679679679682e-02 3.943799453569972968e+00
4.690690690690690196e-02 3.793809627778891969e+00
4.701701701701701402e-02 2.860041529918584846e+00
4.712712712712712609e-02 4.319326218774963699e+00
4.723723723723723816e-02 2.989588496942846785e+00
4.734734734734734329e-02 2.933775936826913178e+00
4.745745745745745536e-02 3.507976816807991227e+00
4.756756756756756743e-02 4.211308476997730033e+00
4.767767767767767256e-02 2.842749597000015171e+00
4.778778778778778463e-02 3.871525759423349644e+00
4.789789789789789670e-02 3.182731587414092012e+00
4.800800800800800877e-02 3.615899353547497252e+00
4.811811811811811390e-02 3.151994560719977745e+00
4.822822822822822597e-02 3.876415436349990085e+00
4.833833833833833804e-02 4.158782899401362698e+00
4.844844844844844317e-02 3.439879090352859325e+00
4.855855855855855524e-02 3.141721118646581434e+00
4.866866866866866731e-02 3.347025180326971938e+00
4.877877877877877938e-02 3.826809477072966370e+00
4.888888888888888451e-02 3.977029109206824398e+00
4.899899899899899658e-02 3.745311439190133207e+00
4.910910910910910865e-02 3.477520570200177463e+00
4.921921921921921378e-02 3.904393817467704864e+00
4.932932932932932585e-02 3.634769462009367125e+00
4.943943943943943792e-02 4.333713020651805081e+00
4.954954954954954999e-02 3.622796296588405962e+00
4.965965965965965512e-02 4.255779839561458999e+00
4.976976976976976719e-02 3.923266500034289450e+00
4.987987987987987926e-02 2.857222594118642878e+00
4.998998998998998439e-02 4.053813753106216389e+00
5.010010010010009646e-02 3.244730848925839517e+00
5.021021021021020853e-02 4.187300861479634762e+00
5.032032032032032060e-02 3.501719020827135154e+00
5.043043043043042573e-02 3.638675352835802013e+00
5.054054054054053779e-02 4.180750930411440969e+00
5.065065065065064986e-02 5.831441693912694291e+00
5.076076076076075499e-02 3.537628407169532085e+00
5.087087087087086706e-02 3.698910982846333351e+00
5.098098098098097913e-02 4.083604765185886443e+00
5.109109109109109120e-02 3.473867567161760928e+00
5.120120120120119633e-02 3.747638653836625089e+00
5.131131131131130840e-02 4.467063537368933801e+00
5.142142142142142047e-02 3.178097228922833306e+00
5.153153153153152560e-02 3.894924514087129808e+00
5.164164164164163767e-02 3.147567838154994302e+00
5.175175175175174974e-02 3.935950640616851626e+00
5.186186186186186181e-02 3.709270797188208402e+00
5.197197197197196694e-02 3.401042753493722870e+00
5.208208208208207901e-02 3.967087190758674442e+00
5.219219219219219108e-02 4.685436651217261605e+00
5.230230230230229621e-02 4.489716200184900252e+00
5.241241241241240828e-02 4.578127241835903583e+00
5.252252252252252035e-02 4.477106125402086967e+00
5.263263263263263242e-02 4.704379367475986840e+00
5.274274274274273755e-02 4.732568067759468811e+00
5.285285285285284962e-02 3.807419985094872672e+00
5.296296296296296169e-02 4.959415089218569328e+00
5.307307307307306682e-02 4.479325574813883826e+00
5.318318318318317889e-02 4.823169991889944441e+00
5.329329329329329096e-02 3.664642629213163083e+00
5.340340340340340303e-02 4.267470849935012467e+00
5.351351351351350816e-02 4.736615524258972698e+00
5.362362362362362023e-02 4.090062024881802039e+00
5.373373373373373230e-02 5.331148066473657465e+00
5.384384384384384437e-02 3.671785259097234633e+00
5.395395395395394950e-02 4.466638996461608890e+00
5.406406406406406157e-02 4.203885312401856922e+00
5.417417417417417363e-02 4.834433844289534044e+00
5.428428428428427877e-02 4.172025823024519298e+00
5.439439439439439083e-02 4.382069798660936932e+00
5.450450450450450290e-02 3.275497613023536481e+00
5.461461461461461497e-02 4.375731130463817564e+00
5.472472472472472010e-02 4.596714084361543939e+00
5.483483483483483217e-02 4.665609969601225870e+00
5.494494494494494424e-02 4.878073103282772216e+00
5.505505505505504937e-02 3.961738994404035097e+00
5.516516516516516144e-02 4.070721538311148358e+00
5.527527527527527351e-02 5.496645361805603258e+00
5.538538538538538558e-02 4.336596759867595630e+00
5.549549549549549071e-02 5.532549681514973727e+00
5.560560560560560278e-02 5.852294347125756246e+00
5.571571571571571485e-02 6.216598463639588346e+00
5.582582582582581998e-02 5.094741611965629247e+00
5.593593593593593205e-02 4.715241797653472844e+00
5.604604604604604412e-02 4.912996508260315309e+00
5.615615615615615619e-02 4.889790096781980289e+00
5.626626626626626132e-02 3.931899770220718349e+00
5.637637637637637339e-02 4.640051687374409539e+00
5.648648648648648546e-02 4.486709935654888959e+00
5.659659659659659059e-02 5.147578941176575995e+00
5.670670670670670266e-02 5.944560158075268497e+00
5.681681681681681473e-02 5.348781554431456087e+00
5.692692692692692680e-02 6.139189911545380518e+00
5.703703703703703193e-02 5.443999888341803484e+00
5.714714714714714400e-02 4.638737025333812269e+00
5.725725725725725607e-02 5.546173371141311925e+00
5.736736736736736120e-02 5.347996727055660315e+00
5.747747747747747327e-02 4.845705711280730021e+00
5.758758758758758534e-02 4.609689350039006150e+00
5.769769769769769741e-02 5.676073361500340475e+00
5.780780780780780254e-02 5.676507855013229076e+00
5.791791791791791461e-02 4.656851132587844333e+00
5.802802802802802667e-02 4.176285787398954952e+00
5.813813813813813181e-02 4.916157378019954116e+00
5.824824824824824387e-02 5.181123794877890987e+00
5.835835835835835594e-02 4.330076190650740564e+00
5.846846846846846801e-02 5.964930561865307901e+00
5.857857857857857314e-02 7.192462839776866623e+00
5.868868868868868521e-02 5.042419010591126849e+00
5.879879879879879728e-02 4.635641703903210065e+00
5.890890890890890241e-02 5.139157755504124125e+00
5.901901901901901448e-02 5.945879240229073659e+00
5.912912912912912655e-02 4.363407369125362756e+00
5.923923923923923862e-02 4.464882732541916255e+00
5.934934934934934375e-02 4.176124289390675592e+00
5.945945945945945582e-02 4.456183842536604267e+00
5.956956956956956789e-02 5.137081588298695323e+00
5.967967967967967996e-02 4.303719233268959776e+00
5.978978978978978509e-02 4.811432873184348757e+00
5.989989989989989716e-02 6.143535428347748351e+00
6.001001001001000923e-02 6.718943605385892859e+00
6.012012012012011436e-02 5.358919831023202462e+00
6.023023023023022643e-02 5.736868658425307466e+00
6.034034034034033850e-02 5.505122033286580674e+00
6.045045045045045057e-02 7.024119735571597190e+00
6.056056056056055570e-02 5.232979267058213146e+00
6.067067067067066777e-02 6.879689027210583951e+00
6.078078078078077984e-02 6.351995932889997754e+00
6.089089089089088497e-02 6.546836800140813040e+00
6.100100100100099704e-02 5.868703326061812220e+00
6.111111111111110911e-02 4.141105488517968780e+00
6.122122122122122118e-02 5.628739737438436919e+00
6.133133133133132631e-02 5.924798564300124859e+00
6.144144144144143838e-02 4.741765815408711227e+00
6.155155155155155045e-02 4.879266137150234606e+00
6.166166166166165558e-02 5.658188722569250650e+00
6.177177177177176765e-02 4.520652187181128490e+00
6.188188188188187971e-02 6.026697697343229798e+00
6.199199199199199178e-02 5.472596451927266514e+00
6.210210210210209691e-02 5.741923267952385501e+00
6.221221221221220898e-02 6.045826366404726926e+00
6.232232232232232105e-02 5.007382154405362051e+00
6.243243243243242618e-02 6.947534954423871589e+00
6.254254254254254519e-02 5.259349864547345987e+00
6.265265265265264338e-02 5.632700252350722359e+00
6.276276276276275545e-02 6.144280448977274212e+00
6.287287287287286752e-02 5.759202771531520604e+00
6.298298298298297959e-02 5.379341269349923849e+00
6.309309309309309166e-02 6.933064530867830477e+00
6.320320320320320373e-02 5.853962561516043550e+00
6.331331331331331580e-02 7.843755732223498534e+00
6.342342342342341399e-02 7.148826833205291997e+00
6.353353353353352606e-02 6.193886333010358847e+00
6.364364364364363813e-02 6.139835470564660724e+00
6.375375375375375020e-02 7.234500719977171812e+00
6.386386386386386227e-02 7.630896770997074086e+00
6.397397397397397434e-02 7.126893121179846524e+00
6.408408408408408641e-02 5.248301419914021437e+00
6.419419419419418460e-02 5.257048017757659508e+00
6.430430430430429667e-02 5.731023716476570051e+00
6.441441441441440874e-02 6.644224105406366654e+00
6.452452452452452081e-02 7.883388119840284425e+00
6.463463463463463288e-02 6.330949232885931366e+00
6.474474474474474495e-02 6.033028196716390568e+00
6.485485485485485702e-02 6.643724874484306930e+00
6.496496496496495521e-02 5.727451925542538902e+00
6.507507507507506728e-02 6.685632949075965392e+00
6.518518518518517935e-02 5.588741731864405260e+00
6.529529529529529142e-02 5.583466385461312242e+00
6.540540540540540349e-02 6.182921808554317167e+00
6.551551551551551555e-02 7.061124103468105595e+00
6.562562562562562762e-02 5.562040710318530756e+00
6.573573573573572582e-02 5.580264578017529509e+00
6.584584584584583788e-02 6.888885539511244716e+00
6.595595595595594995e-02 7.285318573407918663e+00
6.606606606606606202e-02 5.474676466312819123e+00
6.617617617617617409e-02 5.716798009703351724e+00
6.628628628628628616e-02 6.796849637425850688e+00
6.639639639639639823e-02 5.313316897619632329e+00
6.650650650650649642e-02 5.449253123022181455e+00
6.661661661661660849e-02 5.193781817401493583e+00
6.672672672672672056e-02 6.536315214325591150e+00
6.683683683683683263e-02 7.121396488061431107e+00
6.694694694694694470e-02 4.957470477809916787e+00
6.705705705705705677e-02 4.771206496029398281e+00
6.716716716716716884e-02 5.460839719041588047e+00
6.727727727727726703e-02 4.911802867292976771e+00
6.738738738738737910e-02 6.436418243586557786e+00
6.749749749749749117e-02 5.015178443786540541e+00
6.760760760760760324e-02 5.940682057157584239e+00
6.771771771771771531e-02 7.535455992958352667e+00
6.782782782782782738e-02 5.597535705945366757e+00
6.793793793793793945e-02 5.943574492313851820e+00
6.804804804804803764e-02 5.154735302927182516e+00
6.815815815815814971e-02 5.400375045304289578e+00
6.826826826826826178e-02 6.713261496915958304e+00
6.837837837837837385e-02 6.067931196835286478e+00
6.848848848848848592e-02 6.351614725931691297e+00
6.859859859859859799e-02 6.630692703474215577e+00
6.870870870870871006e-02 5.730250307441515645e+00
6.881881881881880825e-02 5.995630896443743474e+00
6.892892892892892032e-02 6.534643396121619929e+00
6.903903903903903239e-02 6.368169368592869972e+00
6.914914914914914446e-02 6.554890651829141213e+00
6.925925925925925652e-02 6.076436885636366192e+00
6.936936936936936859e-02 5.294868966016334610e+00
6.947947947947948066e-02 5.867231887124903622e+00
6.958958958958959273e-02 6.935001519405131098e+00
6.969969969969969092e-02 5.690258073614811174e+00
6.980980980980980299e-02 5.650272515169002752e+00
6.991991991991991506e-02 5.620172832419825681e+00
7.003003003003002713e-02 6.052848842477543734e+00
7.014014014014013920e-02 6.671211167460588065e+00
7.025025025025025127e-02 4.929849387895865576e+00
7.036036036036036334e-02 5.554684755847731914e+00
7.047047047047046153e-02 5.659078571037450267e+00
7.058058058058057360e-02 6.303576874984786471e+00
7.069069069069068567e-02 6.117158560461960271e+00
7.080080080080079774e-02 5.996721243406069490e+00
7.091091091091090981e-02 6.980365423608772879e+00
7.102102102102102188e-02 6.642163422884604707e+00
7.113113113113113395e-02 6.029416408480980039e+00
7.124124124124123214e-02 6.367852957480780063e+00
7.135135135135134421e-02 5.307672237340027799e+00
7.146146146146145628e-02 5.689508444223006833e+00
7.157157157157156835e-02 5.944901687912794053e+00
7.168168168168168042e-02 5.622243287458980276e+00
7.179179179179179249e-02 4.867270959529208518e+00
7.190190190190190456e-02 6.094291754749717072e+00
7.201201201201200275e-02 6.069445181997647154e+00
7.212212212212211482e-02 5.384730318710387209e+00
7.223223223223222689e-02 5.660140144195426437e+00
7.234234234234233896e-02 5.174034021761722002e+00
7.245245245245245103e-02 5.328056803872456726e+00
7.256256256256256310e-02 5.263568278416757451e+00
7.267267267267267516e-02 4.581966897770204383e+00
7.278278278278277336e-02 5.827484644586364837e+00
7.289289289289288543e-02 6.231055002484521488e+00
7.300300300300299750e-02 5.795323055465550155e+00
7.311311311311310956e-02 6.350175530019179782e+00
7.322322322322322163e-02 4.944561963470240684e+00
7.333333333333333370e-02 5.801544629633247574e+00
7.344344344344344577e-02 5.381412324218713294e+00
7.355355355355354396e-02 4.590546939581524377e+00
7.366366366366365603e-02 5.759866549904885780e+00
7.377377377377376810e-02 5.989640964028112968e+00
7.388388388388388017e-02 4.782125351787644085e+00
7.399399399399399224e-02 5.103034490468966844e+00
7.410410410410410431e-02 4.978451147482270578e+00
7.421421421421421638e-02 5.596073067940912971e+00
7.432432432432431457e-02 4.852498633333156342e+00
7.443443443443442664e-02 5.493056414435197432e+00
7.454454454454453871e-02 5.798720467954599833e+00
7.465465465465465078e-02 5.516829250119071659e+00
7.476476476476476285e-02 5.181898819295312819e+00
7.487487487487487492e-02 5.894505091450004564e+00
7.498498498498498699e-02 4.497465463257992901e+00
7.509509509509508518e-02 5.615182840989132451e+00
7.520520520520519725e-02 4.210700137314862701e+00
7.531531531531530932e-02 5.969339318746438749e+00
7.542542542542542139e-02 4.800297799847753843e+00
7.553553553553553346e-02 5.321406813054304408e+00
7.564564564564564553e-02 4.966158485596070093e+00
7.575575575575575760e-02 5.560771144646754927e+00
7.586586586586585579e-02 5.039920625649020991e+00
7.597597597597596786e-02 5.852876932580347358e+00
7.608608608608607993e-02 5.328070920590072035e+00
7.619619619619619200e-02 5.120650963235442887e+00
7.630630630630630407e-02 5.476460552697947293e+00
7.641641641641641614e-02 4.432654051439151921e+00
7.652652652652652820e-02 5.286159525373348878e+00
7.663663663663662640e-02 4.381670998481665080e+00
7.674674674674673847e-02 5.195281147584620562e+00
7.685685685685685054e-02 5.225660717518989529e+00
7.696696696696696260e-02 5.303381824078295281e+00
7.707707707707707467e-02 5.119405108535575621e+00
7.718718718718718674e-02 4.428696031041103431e+00
7.729729729729729881e-02 3.923610136703894469e+00
7.740740740740739700e-02 4.390237965856566227e+00
7.751751751751750907e-02 4.215565689363696578e+00
7.762762762762762114e-02 5.245303316914177394e+00
7.773773773773773321e-02 3.777260298041882791e+00
7.784784784784784528e-02 4.255988563592372209e+00
7.795795795795795735e-02 4.214449529772368308e+00
7.806806806806806942e-02 4.840113458678554359e+00
7.817817817817816761e-02 4.826517537306594718e+00
7.828828828828827968e-02 3.805678401969296853e+00
7.839839839839839175e-02 4.221916177636831691e+00
7.850850850850850382e-02 4.384789448488169761e+00
7.861861861861861589e-02 3.559258879025642308e+00
7.872872872872872796e-02 4.862856794882903344e+00
7.883883883883884003e-02 4.852547356768195819e+00
7.894894894894893822e-02 4.604399182412610259e+00
7.905905905905905029e-02 4.178787877531934036e+00
7.916916916916916236e-02 3.998720535450532410e+00
7.927927927927927443e-02 3.953869077877595117e+00
7.938938938938938650e-02 3.965148016789525887e+00
7.949949949949949857e-02 4.324228507951417555e+00
7.960960960960961064e-02 4.130496175722106145e+00
7.971971971971970883e-02 4.139599407964542621e+00
7.982982982982982090e-02 4.176306677475740692e+00
7.993993993993993297e-02 4.325524414271271212e+00
8.005005005005004504e-02 3.419163538548409154e+00
8.016016016016015711e-02 4.292086706625095616e+00
8.027027027027026918e-02 3.889196070913063963e+00
8.038038038038038124e-02 4.227428735429016982e+00
8.049049049049047944e-02 4.371766509475928153e+00
8.060060060060059151e-02 4.988123708331716699e+00
8.071071071071070357e-02 4.065290174536387191e+00
8.082082082082081564e-02 4.566638578683909877e+00
8.093093093093092771e-02 3.935950781667544529e+00
8.104104104104103978e-02 4.065864618273699271e+00
8.115115115115115185e-02 4.693311280989533429e+00
8.126126126126125004e-02 3.644002770486079346e+00
8.137137137137136211e-02 4.000557632031853217e+00
8.148148148148147418e-02 4.937044177046644222e+00
8.159159159159158625e-02 3.995939614584235411e+00
8.170170170170169832e-02 3.740985125243267984e+00
8.181181181181181039e-02 3.727613504561498203e+00
8.192192192192192246e-02 4.094779007940415383e+00
8.203203203203203453e-02 4.317762626484528354e+00
8.214214214214213272e-02 3.804286312189395947e+00
8.225225225225224479e-02 3.630695217978145983e+00
8.236236236236235686e-02 4.065124906059243592e+00
8.247247247247246893e-02 3.807715466408391869e+00
8.258258258258258100e-02 3.818150773249424201e+00
8.269269269269269307e-02 3.400645748300650251e+00
8.280280280280280514e-02 3.815733101555404350e+00
8.291291291291290333e-02 3.841145724927149008e+00
8.302302302302301540e-02 3.962997487837720989e+00
8.313313313313312747e-02 3.477301928038483148e+00
8.324324324324323954e-02 3.758571300754062428e+00
8.335335335335335161e-02 2.876344949923449690e+00
8.346346346346346368e-02 4.046129832958982320e+00
8.357357357357357575e-02 3.812183596817728226e+00
8.368368368368367394e-02 3.738182093052816679e+00
8.379379379379378601e-02 3.271364697516564668e+00
8.390390390390389808e-02 3.442677862883923634e+00
8.401401401401401015e-02 3.799589887528085796e+00
8.412412412412412221e-02 3.951679954962909580e+00
8.423423423423423428e-02 3.598412545176814081e+00
8.434434434434434635e-02 3.305042278668761657e+00
8.445445445445444455e-02 3.241736471223120475e+00
8.456456456456455661e-02 3.772586198441197247e+00
8.467467467467466868e-02 3.818969654297132532e+00
8.478478478478478075e-02 4.268346479850457342e+00
8.489489489489489282e-02 3.664148030763195951e+00
8.500500500500500489e-02 3.603056138863292013e+00
8.511511511511511696e-02 3.800120996714863697e+00
8.522522522522521515e-02 2.807175567015004258e+00
8.533533533533532722e-02 4.257731937546686218e+00
8.544544544544543929e-02 4.306755305256582567e+00
8.555555555555555136e-02 3.251885628241548698e+00
8.566566566566566343e-02 3.590307858864521418e+00
8.577577577577577550e-02 3.337558662920623753e+00
8.588588588588588757e-02 3.336171242852485896e+00
8.599599599599598576e-02 3.666243550238537985e+00
8.610610610610609783e-02 3.502954423057955680e+00
8.621621621621620990e-02 3.034624860921966594e+00
8.632632632632632197e-02 3.514827226044758390e+00
8.643643643643643404e-02 3.273881070742030275e+00
8.654654654654654611e-02 3.121911669326974614e+00
8.665665665665665818e-02 2.992958563068864652e+00
8.676676676676675637e-02 3.464837292647026334e+00
8.687687687687686844e-02 3.012248450652870169e+00
8.698698698698698051e-02 3.544511263208057095e+00
8.709709709709709258e-02 3.844339858754561856e+00
8.720720720720720465e-02 3.407669628174166743e+00
8.731731731731731672e-02 4.003365833930514484e+00
8.742742742742742879e-02 3.376218928612423564e+00
8.753753753753752698e-02 4.086956924849331152e+00
8.764764764764763905e-02 3.333968391015550647e+00
8.775775775775775112e-02 3.235145962508911843e+00
8.786786786786786319e-02 3.508214859796570551e+00
8.797797797797797525e-02 3.600906411045920574e+00
8.808808808808808732e-02 2.956618120364690405e+00
8.819819819819819939e-02 3.623105931912671274e+00
8.830830830830829759e-02 2.852902920183784108e+00
8.841841841841840965e-02 2.960783952843558442e+00
8.852852852852852172e-02 3.607763379091103229e+00
8.863863863863863379e-02 3.373022042387783692e+00
8.874874874874874586e-02 2.915054403959232765e+00
8.885885885885885793e-02 3.155477018184909443e+00
8.896896896896897000e-02 3.004526002156461040e+00
8.907907907907906819e-02 2.668230107841907284e+00
8.918918918918918026e-02 2.726739405797121485e+00
8.929929929929929233e-02 2.902443261722913892e+00
8.940940940940940440e-02 3.045534608043111824e+00
8.951951951951951647e-02 3.009165443687217056e+00
8.962962962962962854e-02 3.303622019633599471e+00
8.973973973973974061e-02 2.534033828762737528e+00
8.984984984984983880e-02 3.089537318574137270e+00
8.995995995995995087e-02 3.066319777916693301e+00
9.007007007007006294e-02 3.035484618772804843e+00
9.018018018018017501e-02 2.797565993906375947e+00
9.029029029029028708e-02 3.381383048886311471e+00
9.040040040040039915e-02 3.087308533393462007e+00
9.051051051051051122e-02 3.110612124384106725e+00
9.062062062062060941e-02 2.704641817699933615e+00
9.073073073073072148e-02 2.909794893643064650e+00
9.084084084084083355e-02 3.274719092389440700e+00
9.095095095095094562e-02 3.417319466464534106e+00
9.106106106106105769e-02 2.975655599952878649e+00
9.117117117117116976e-02 2.737077197575264798e+00
9.128128128128128183e-02 3.152818293884776413e+00
9.139139139139138002e-02 2.900987544659120232e+00
9.150150150150149209e-02 2.540129953093342330e+00
9.161161161161160416e-02 2.634518029467831646e+00
9.172172172172171623e-02 2.611706011556230500e+00
9.183183183183182829e-02 2.860169034441179647e+00
9.194194194194194036e-02 2.382330927197409132e+00
9.205205205205205243e-02 2.662486624661371870e+00
9.216216216216215062e-02 2.547078188094163753e+00
9.227227227227226269e-02 2.701608838653545952e+00
9.238238238238237476e-02 2.712329655667341743e+00
9.249249249249248683e-02 2.656131817861612898e+00
9.260260260260259890e-02 2.660079862258295069e+00
9.271271271271271097e-02 2.424563650156103645e+00
9.282282282282282304e-02 2.361025882843055257e+00
9.293293293293292123e-02 2.501927938139522301e+00
9.304304304304303330e-02 3.105713143982357760e+00
9.315315315315314537e-02 2.507395037426776163e+00
9.326326326326325744e-02 2.830649874450049008e+00
9.337337337337336951e-02 2.475576638992032841e+00
9.348348348348348158e-02 2.966861692647431603e+00
9.359359359359359365e-02 3.045897419952058094e+00
9.370370370370369184e-02 2.755794648081406173e+00
9.381381381381380391e-02 2.618235710884406764e+00
9.392392392392391598e-02 2.699539897044884285e+00
9.403403403403402805e-02 2.560387755076575900e+00
9.414414414414414012e-02 2.505097216705428842e+00
9.425425425425425219e-02 2.381918764658840892e+00
9.436436436436436426e-02 2.644964293622583895e+00
9.447447447447447633e-02 2.503723712444005489e+00
9.458458458458457452e-02 2.675118328407906976e+00
9.469469469469468659e-02 2.315997142084407656e+00
9.480480480480479866e-02 2.453005619141016780e+00
9.491491491491491073e-02 2.669750349460348282e+00
9.502502502502502280e-02 2.532646744516042769e+00
9.513513513513513487e-02 2.132229661421536360e+00
9.524524524524524693e-02 2.272393865250681877e+00
9.535535535535534513e-02 2.319554288080825533e+00
9.546546546546545720e-02 2.531664841834860180e+00
9.557557557557556926e-02 2.240505253193296298e+00
9.568568568568568133e-02 2.492207618811126402e+00
9.579579579579579340e-02 2.730165569120573288e+00
9.590590590590590547e-02 2.639959720173458368e+00
9.601601601601601754e-02 2.545342995667068120e+00
9.612612612612611573e-02 2.202005384266644938e+00
9.623623623623622780e-02 2.093582108937564357e+00
9.634634634634633987e-02 2.411659148178532330e+00
9.645645645645645194e-02 2.526591156936372595e+00
9.656656656656656401e-02 2.638074056783219934e+00
9.667667667667667608e-02 2.621233759848944800e+00
9.678678678678678815e-02 2.448927770469096821e+00
9.689689689689688634e-02 2.893772061380367244e+00
9.700700700700699841e-02 2.386498983926524264e+00
9.711711711711711048e-02 2.389128801387252476e+00
9.722722722722722255e-02 2.342660068505923565e+00
9.733733733733733462e-02 2.451987011686441953e+00
9.744744744744744669e-02 2.484386626222842676e+00
9.755755755755755876e-02 2.528919992231025038e+00
9.766766766766765695e-02 2.618726915701271363e+00
9.777777777777776902e-02 2.468231530490105019e+00
9.788788788788788109e-02 2.419561757949465708e+00
9.799799799799799316e-02 2.686885070044300772e+00
9.810810810810810523e-02 2.234629073441043889e+00
9.821821821821821730e-02 2.190487229851776352e+00
9.832832832832832937e-02 2.814106227814573202e+00
9.843843843843842756e-02 2.329730418018234328e+00
9.854854854854853963e-02 2.287265236815259950e+00
9.865865865865865170e-02 2.319338401846484210e+00
9.876876876876876377e-02 2.254425406223424577e+00
9.887887887887887584e-02 2.371759987930510682e+00
9.898898898898898790e-02 2.365923001492213906e+00
9.909909909909909997e-02 2.361075275438766052e+00
9.920920920920919817e-02 2.194847918067844184e+00
9.931931931931931024e-02 2.358958370161055917e+00
9.942942942942942230e-02 2.442720708138073071e+00
9.953953953953953437e-02 2.369411827256073799e+00
9.964964964964964644e-02 2.034251019171692487e+00
9.975975975975975851e-02 2.422214517990065374e+00
9.986986986986987058e-02 2.194939776293936440e+00
9.997997997997996877e-02 2.140184417945654616e+00
1.000900900900900808e-01 2.390485047328634760e+00
1.002002002002001929e-01 2.237950158722074701e+00
1.003103103103103050e-01 1.834644606639252107e+00
1.004204204204204171e-01 2.241144566184616327e+00
1.005305305305305291e-01 2.128464661161372007e+00
1.006406406406406412e-01 1.942155030536459659e+00
1.007507507507507394e-01 2.439644067751925771e+00
1.008608608608608515e-01 2.441438755056789756e+00
1.009709709709709635e-01 2.022140379319034231e+00
1.010810810810810756e-01 2.396367067460500877e+00
1.011911911911911877e-01 2.132371914268993862e+00
1.013013013013012997e-01 2.128798477722201099e+00
1.014114114114114118e-01 2.054571409893467759e+00
1.015215215215215100e-01 2.073059222241544930e+00
1.016316316316316221e-01 2.322527490930878180e+00
1.017417417417417341e-01 2.045569052050442149e+00
1.018518518518518462e-01 2.041614648378800023e+00
1.019619619619619583e-01 2.039145430960919825e+00
1.020720720720720703e-01 1.926109533354201098e+00
1.021821821821821824e-01 2.228995721528105545e+00
1.022922922922922806e-01 2.229651176838900906e+00
1.024024024024023927e-01 1.974770693252962062e+00
1.025125125125125047e-01 1.889495187572195700e+00
1.026226226226226168e-01 2.042157940751413658e+00
1.027327327327327289e-01 1.861407102100963495e+00
1.028428428428428409e-01 2.055914311936628547e+00
1.029529529529529530e-01 2.065400755817683454e+00
1.030630630630630512e-01 2.008556668754544638e+00
1.031731731731731633e-01 2.111299633090123695e+00
1.032832832832832753e-01 1.817705085743780646e+00
1.033933933933933874e-01 2.095804339007795392e+00
1.035035035035034995e-01 2.107132695652147003e+00
1.036136136136136116e-01 1.987345222931974131e+00
1.037237237237237236e-01 2.213029894532945629e+00
1.038338338338338218e-01 2.128995688482310467e+00
1.039439439439439339e-01 2.126032817412372378e+00
1.040540540540540460e-01 1.855573199650634164e+00
1.041641641641641580e-01 1.847383541491246950e+00
1.042742742742742701e-01 1.786817893236601229e+00
1.043843843843843822e-01 1.878762549715025765e+00
1.044944944944944942e-01 1.977423163765609004e+00
1.046046046046045924e-01 2.005773083352356601e+00
1.047147147147147045e-01 1.897969890632898782e+00
1.048248248248248166e-01 2.022078205273071916e+00
1.049349349349349286e-01 2.106665073936839772e+00
1.050450450450450407e-01 2.021635900589623613e+00
1.051551551551551528e-01 2.175791674700653822e+00
1.052652652652652648e-01 2.235965155358204282e+00
1.053753753753753630e-01 2.075034581491020713e+00
1.054854854854854751e-01 2.147841642079563851e+00
1.055955955955955872e-01 2.085018779268423827e+00
1.057057057057056992e-01 2.083438777065877545e+00
1.058158158158158113e-01 2.021816208723004049e+00
1.059259259259259234e-01 1.989507919889291987e+00
1.060360360360360354e-01 2.045496360672722780e+00
1.061461461461461336e-01 1.913640102148865152e+00
1.062562562562562457e-01 1.977139804580795079e+00
1.063663663663663578e-01 1.565481496019001995e+00
1.064764764764764698e-01 2.029970338400133301e+00
1.065865865865865819e-01 1.972634742411417896e+00
1.066966966966966940e-01 2.068580509522938371e+00
1.068068068068068061e-01 1.861344485830892292e+00
1.069169169169169181e-01 1.896447714316927380e+00
1.070270270270270163e-01 1.804640806843412548e+00
1.071371371371371284e-01 1.841111409841678537e+00
1.072472472472472405e-01 2.069939304028309834e+00
1.073573573573573525e-01 1.887915397443496790e+00
1.074674674674674646e-01 1.989949811470340224e+00
1.075775775775775767e-01 1.890693451094355382e+00
1.076876876876876887e-01 1.690640885938350158e+00
1.077977977977977869e-01 2.007341997917548859e+00
1.079079079079078990e-01 1.780028988468196127e+00
1.080180180180180111e-01 1.557396702698817137e+00
1.081281281281281231e-01 1.819264371618073195e+00
1.082382382382382352e-01 1.873873769222067276e+00
1.083483483483483473e-01 1.949944017776918725e+00
1.084584584584584593e-01 1.836062487107845920e+00
1.085685685685685575e-01 1.864551773743922336e+00
1.086786786786786696e-01 1.789816170921780136e+00
1.087887887887887817e-01 1.826040640145278005e+00
1.088988988988988937e-01 1.944143129295758055e+00
1.090090090090090058e-01 1.739857068245553640e+00
1.091191191191191179e-01 1.695746944746034268e+00
1.092292292292292299e-01 1.879684284157226548e+00
1.093393393393393281e-01 1.964661595817759343e+00
1.094494494494494402e-01 2.000140168572687838e+00
1.095595595595595523e-01 1.859997731168278268e+00
1.096696696696696643e-01 1.662843420446168619e+00
1.097797797797797764e-01 1.559694263288123439e+00
1.098898898898898885e-01 1.843257562496206425e+00
1.100000000000000006e-01 1.856348009884738248e+00
